10000
-6335552
2276239
-9496279
-2570465
-3131620
6185632
6080225
-8641474
802221
4654808
-6425849
1001941
-1884575
3555318
2280363
-7535694
-5578898
-1843525
2106946
1142271
5735601
382538
6551052
-1367885
3972930
-5147855
6901888
9999313
-443147
5700530
9439329
-4407250
8461347
-5876051
-4406735
-1267003
2140765
-3672961
9473691
6160111
-688336
-7245961
2779724
-5846654
-2507228
-7885349
3858116
-8569856
6086263
-3027648
8280333
1495005
-3497771
-5959249
42591
-4404429
-6854889
5602501
-672656
-6901555
3871823
5886452
-7947432
1297861
-9738608
2090296
-9515073
-5562621
7867314
-3559402
-6071282
-9675828
-5546267
2788009
3734530
4453655
-7767115
3511982
-2750592
9321682
-8918215
-9754608
4322562
2192671
-1185767
-715880
7740046
-2464477
1406437
-2188535
791425
-2852013
314508
1921182
-7467701
2533620
-486639
-3768262
-8526547
-6276340
2844200
7766754
-2220138
-9869161
2221708
-3253144
-4705007
-6719269
-559258
9967373
6811270
7842103
9627046
-4535776
-3735434
2875630
7356929
4128862
4712221
3758437
8216387
-1254950
-953128
7669332
7074165
2724511
-6594213
904868
-1756672
-1251363
-2926238
-8995899
3748068
3927969
1189093
-200608
111843
7958059
25922
5217459
9690870
8588047
1396111
-8486345
-9461947
1472692
1018683
6620062
8305279
2533620
6422307
1173039
-1116211
4720072
-6904111
-1241697
-1850748
1023312
2561522
7606710
-2941647
-4654392
3198302
-667637
8860588
3719517
-6271483
1482046
-863672
2281108
6838537
1686162
8128285
-2980851
7062050
2935419
9243083
1620046
-8905757
9750602
-1929261
-7379377
9715565
-7555731
8052577
-8664824
-7593667
-648809
2970415
-4253731
-1679246
1174061
5871024
1236928
3439737
-9699731
-5582554
125193
8941322
7503158
-7917987
6479758
9028371
-8780641
189817
3981023
-3326351
-4897121
-1800110
8450884
-2852378
8168136
-3892839
-5988849
-3664815
-8848884
9762688
-6238665
-6774321
1666151
-986926
-4735741
5713701
5261468
-9151372
9813989
-7140574
-8652793
3775699
3082706
-6444751
9320666
-9762387
1087478
-5449499
1459803
-9410162
-6489246
-6310787
550161
-392233
3759815
-1247820
6226721
-3155622
-3188929
2601326
6537052
-6033081
6490276
-7440252
4355491
-469101
1072088
-8488925
8828827
-5502299
-7601656
8727931
-8187576
392646
-101457
3565097
-2944527
4948014
-9981765
-1756979
1397549
9574798
-6994465
-9467983
-9429506
9163272
-1245858
1118333
-6599611
1454236
-1304653
8448515
5347685
4104774
7914796
8680312
-3286254
-9424730
4919845
6062235
-3505839
-421854
740639
7883269
-1547752
-1051618
-5922638
-4231495
-9053249
3747174
-1117746
385580
-5445147
2887034
-3965947
-2011878
9562097
-1571829
-8339468
59736
-2487328
3431936
1266474
-238851
909627
4129395
-6195236
8795616
-1238628
6024609
-2955780
9237110
5070679
6588533
3847902
4703579
5078244
9017716
999687
5031174
-8570111
3872599
-7895065
-4363517
-1992061
-8258658
2494310
-4331363
1987196
-1380298
9741001
-3903478
-6934382
-4464131
472123
9676989
-659630
1844753
-1548116
-1603261
-5229086
-4131225
-6581118
7516800
7053333
-491261
-3167660
-6885730
2436092
8685052
-9425800
1312478
2801115
-9105828
7974060
8917240
-3321651
3590272
-3797633
2522531
4604705
-5939153
2323664
-6965874
2796968
3785287
2362516
-3631817
7691012
-1070303
-8605225
7370180
2803159
-1159372
6459189
-8287938
2991002
-8728080
-7537603
-9156783
4214688
-3640284
-1653290
7735287
7456509
3504453
1793577
3524009
-1088266
-6466750
-5673634
6365954
-4935845
-5589414
-552061
647767
-5919719
1820724
2227521
-6723839
-1418185
9239310
322200
5194442
-5874392
2708290
3398232
2480553
1819140
7640821
4780865
-3106602
8495573
8572216
3115839
-5058908
7597902
-3730446
8207744
-7876089
-9857964
1356214
-6156119
7119980
-9384916
-1697223
6458711
8340754
-9902836
1998163
-2363376
-3918334
-4717436
-8365515
-3009879
-2464078
-34258
7667875
-3077969
1886022
-2374946
-2522510
3061253
-4194291
-7626911
-4681849
-2803625
3768026
4946520
4728977
-5602674
-1890583
-2973600
-9220162
-3521643
1730001
-3386142
3269867
3931872
-9601266
3880653
6584645
4863189
-4151369
6390122
1903875
-8301319
1449567
-6316565
-5667455
-2412520
-9919011
-4063762
1021089
181742
7248169
-8825924
-7534901
-7716539
-5125696
975490
1125654
3642879
9827835
-5438347
2829367
-2707054
3893295
95828
3341661
-7366551
-7803874
9473938
7449344
-6932018
7581753
-8776605
7987190
4827446
9675794
4337604
-8205805
5169308
780010
155218
2601212
642617
-3570861
-596448
-778395
8083561
-7213755
1901389
4359541
-5382888
2606567
-5534203
-8752410
6536202
-9423091
2577762
9560791
721388
-2929700
-7446739
4043034
8907393
4388035
8844154
7487928
-7748622
-9717616
910309
7480013
-2246096
-9850132
9591822
8877848
8145489
-8057895
2454959
-7837642
-235702
-5368597
-3010349
1750023
-3991314
791373
2869811
1430972
-4636459
-9420508
296374
2782511
-2941020
7277336
5208526
-6402163
-9693658
8142668
2002633
1548516
6252430
4472806
1957139
479624
-2454029
8921792
-3060796
6619148
8841262
-4160707
4696317
-2926212
-7008624
3933822
6497233
-7680033
239758
-2853374
-6017113
-8431437
2684684
7614732
2101834
-1324324
-8905460
8605920
-1032143
-2732207
-5189337
-2176159
-8117654
-4552055
9132063
-5325819
7735236
-7283222
-4708305
4299819
-2791005
5104387
5172061
-1363263
1656530
-8027291
-9396596
-6252143
-89442
6691662
-5050702
-3633559
-9845558
2307778
-5085959
8554496
9429855
3897898
9415330
1698090
-2221893
7866501
-5779591
-8328360
-280499
4341570
-359878
5219067
3585011
-3626716
-5093393
9528855
-9261827
-9224165
-4688074
-4029685
6010155
1909052
-5862955
3352345
-4869607
-4984390
-1814151
-5738572
-5641670
9518012
-3051805
-7282742
9704886
7226718
-866299
1877840
4684779
8053469
-6258805
-4781182
-7971260
2046718
-6877178
-407864
2984590
646491
1358772
-2023143
-2829740
9808318
8810777
-5450392
-5157985
4632765
-5605365
-9828549
9731729
-7527440
176245
-5845175
3570451
-3837093
8899509
6452949
-5331995
6753730
-8328412
729370
9494813
9569084
-4924452
-2714998
-8639860
9197947
-7082107
-8181899
-6344998
9683876
6314802
-1514502
7809984
-9843792
-3956757
-9779755
-4094564
9191461
4805202
-1961243
8662516
-2472439
-1210909
-2634134
-4845744
-7700504
-3740922
4252738
-9744023
5768294
6724675
-8867913
3479760
-6530634
2175070
39347
8151457
-3710609
5584676
7022932
245492
-6596135
1916199
1296344
9616555
-2944909
-6530237
854864
-550745
7635516
-6034307
478173
-1028223
4688417
6789588
-6740301
350868
-512342
1595214
-3167467
-5140504
3657427
8288290
-8006880
5731073
5971642
-7301430
3950967
457084
7315389
8035450
8738103
-181411
5934309
-7154734
1753982
-8757473
-3893141
-2899895
-5041027
4420015
-4811028
2895297
1479722
9395525
4166012
-477656
-3832751
-3959548
-9679437
6935374
4674508
9469979
934903
1135092
3265944
9718242
-6843029
2817986
55511
-3884046
-1187948
6982066
5593288
3165244
2622641
9418128
5883575
-9712704
-8373511
-9224641
-8727306
-2184791
9309986
9784089
-1257359
1647038
-3565226
-5018411
467736
9662370
3582109
8036507
-7653936
-7524066
8626052
7906505
8445916
-6019269
-6500682
5725653
3463936
-5458650
9390862
-1307199
-9600559
3023400
-3711596
9650751
5127018
5139078
-1109121
5878365
-1131781
-2717773
-6775634
-6011232
-6446558
7387827
-50459
1565028
-4542251
-7272095
-3536910
917843
8093148
-9533579
-2736946
-6812150
-3151916
9159222
-6875111
1284323
5523445
-703010
-4531482
8825856
559872
1168312
-5448888
-3827317
3091713
3052770
1728167
6662963
4927944
4684241
-3840427
6859223
-6945950
-3571953
-3020404
6770288
-725963
-1594128
2883937
-5292082
7090902
4116104
4644697
3370659
7158925
7588232
1470281
6243521
-7894547
-5501634
-2423108
-6522105
-6248937
4608813
3666482
-4628636
4796602
312953
-2867878
-1194529
3324070
7677183
5985780
-6410504
7558342
4899786
-7494490
4346619
5520847
-5092595
-8017085
5875690
-7727840
-1115313
6756715
529954
7439661
8712566
9685701
6360370
-394573
-9004717
4379863
1422267
5752329
1808763
-2182781
-3200651
2492402
515377
9974431
-9974518
6071766
1207872
-8217068
106685
6211433
2934063
-7739765
5618558
3445695
-6062281
-1759303
8623147
188121
-6169027
-7037997
4705693
9980553
-9099184
-5618470
-8352785
6309717
-6775226
-8807086
-6105114
2796808
-3784680
7793442
619459
1694391
4139574
6726548
-6789717
-524068
-2451973
-2616584
-1388708
-6751546
3184335
7020064
353835
-8966408
7837615
-1451884
-3632417
-6452986
3123729
1898178
5737546
-4527640
-4263696
7568763
-6050399
-4677444
7209297
-2723088
-3639565
-8702844
657131
-364010
-762503
3904531
7357997
9996668
-965459
9633198
8527001
-1893154
-4592446
5322945
-1189431
-6120468
4734217
4999931
-3743091
8935125
-9049417
-7925669
-7982382
-6810875
-4746343
3666060
1692704
9758069
5090957
7353390
577677
-2762145
-96721
-5759941
7239882
-9295696
-6758985
-8672977
4905751
4907225
2401966
-3243647
-7778549
-3831585
-6397802
-6074090
-3272355
4055730
2098336
-4637536
1353568
7160268
-1231919
8663975
4318306
-5523189
9824806
-1816848
9852808
-3381518
-8142676
-4857671
-400779
-1094587
5099462
726750
399934
-3546215
4486873
5672497
-5178767
-4450118
-5638484
-7052953
-8031023
-4782449
7787106
-4491012
7849065
2721542
2135745
-9794106
8040622
9709991
5542880
-1312843
3575521
4098958
-1744545
-5397312
4441471
9637139
-6475535
2042828
-917577
-715764
-6795738
342184
5971821
7670491
4311261
7974804
-1580736
5766993
4807151
9090320
-4742943
6605990
2692890
-8725700
-8992276
-5699088
-6582959
433179
8206302
6687457
-486746
-7777740
8502578
-2656743
4951650
-5955445
-7938156
5522857
9206499
-1434100
7606187
-2331112
-6165031
5020457
5150167
-283911
8703278
-3376660
-711394
-4468650
5218118
-637921
-1017792
-5789018
-5279595
8962002
2410362
-776322
-7305443
-7120180
-1352167
1687100
7290318
-673622
-3192804
-456724
4681948
4072860
7772846
3898806
8765041
7306689
894411
2536570
-5797399
7815421
-6074198
-2884189
-8346456
-3224900
-4352963
6793267
561122
-5159957
-9096338
-7331396
9578393
8135330
5563384
-1028354
8238467
-1982272
6188153
8216040
-8134758
3467632
2812772
-5961492
-5924416
-4001265
-9868519
-1920435
-8228522
7420161
-5055259
2002828
-5479905
4779825
-8496561
8503430
-9181777
-8074869
2752223
-5653888
-9839226
-2720997
-3756893
2217938
1148115
-54525
2972590
-1536483
-8073824
-8632367
560007
2995470
5346251
6397927
-7916510
2526687
8339436
-460968
9156845
-7355601
1581461
5862347
-489302
4897729
5289840
417695
-6416498
-2595079
-2784256
-4568256
7222967
-2967298
-7892826
-8559006
-3250522
-5730015
2152305
-9700437
-2357154
-2538508
3329642
5135389
596341
-6553621
2839780
-746260
7349330
-12280
-4720305
-3869174
-9817125
6165552
5352170
4079093
-2213896
-4560355
7025703
8803799
581757
-17429
-735266
-9125186
-3910138
8356194
8694331
-4030321
-8941777
-5846421
474007
-9589016
-4724123
5730771
-1210859
-8471856
-8898365
119602
-3971920
-277421
-5945613
-8677719
-539953
-410590
-2225583
-4501584
-1301957
2224440
-7372688
9451180
-8487114
4098866
5972902
-5734935
-1906298
5653556
-9235699
3838904
7306087
-8702529
-8581578
-3051826
7432030
9441554
3258659
515953
-9859045
2174343
5645971
4916826
5955679
5256108
-8463373
1783202
-2408338
-4727468
6329294
142356
-8066802
6870779
-6926420
-1015324
-1235658
6560877
7562936
-7655753
-3456454
9302962
-6082416
-6256497
2964293
-8194813
2356140
4961931
1499821
-6538206
5179221
-6904408
-7079558
983376
433273
-3026810
1515486
2805243
-6659157
8428213
-1182010
1980063
-4741808
-5927194
-9299823
4977495
-9754930
2612290
-5491741
-4364246
6255938
-9518338
-340265
5442810
-2056370
7719706
9440934
5492031
7436617
-3948108
-6356814
-4249533
3156054
-2563531
5380196
-6661915
569403
6694421
457534
-2669793
-7854012
-5541118
-2661179
503998
5637084
-5128447
-9572122
8876880
-4939374
6555845
9264761
9966513
-9069556
-6897654
8449160
2430860
-7035459
3113414
-5787586
-8906419
-3209500
-409470
-161229
-8767864
-8000111
3326250
-3201323
5781474
-5990298
-4382423
-5937723
3431989
-6442562
-1647738
-9054145
-1310573
-6846517
-4771920
5120983
-7896955
-1040369
3277195
-7886838
-5566624
4920218
-6624488
1034642
1226151
2343958
-8553650
6910717
-5328376
-5481350
-1010687
9882548
-2627545
5399421
-5813303
-3471109
5741563
-4012565
-2417059
6162832
-939442
-7847618
3483311
-4372949
600972
8787382
2921076
-9976514
-7568751
2481010
-2527450
8791858
1872820
8064284
8623812
2655572
-3115551
3085377
9137065
7891918
4585452
4447141
-6101251
-6732021
-4290001
-3273410
9052803
-6017541
1122598
6607984
2112314
-4498736
7242670
1092222
-9817975
-1240891
-4829414
-5517142
-930293
-15749
-3077865
3853543
-793451
-9018538
8008003
678328
7506671
-1141700
-8845372
-5288841
3492203
-8079461
3013300
-4218335
7878092
-5074462
-4491734
-1835808
7161428
7482668
-5444899
404117
-8247393
7511487
-5318503
4068377
8802497
-3709041
5988193
3527922
186815
-5694587
6371178
3843720
-8620139
6743784
-1208562
9783906
-3677097
1219131
7472462
-2702953
-7332637
-28741
-4859899
7221880
4399408
9538910
-839466
-7123175
6054737
-5760689
-5643883
2723283
6172096
-4753393
8771186
3992369
5208154
1259731
6700080
7665805
-8633455
3432474
-4874075
-9187939
338310
-7529655
8975059
-7110883
-7187186
9921720
-6286060
9140729
-1870401
-8906479
1920751
-658600
-5357938
-7840687
-4235467
-8292440
6460618
-4322039
2898073
-5157207
-8761786
-3832852
-7770486
-3056511
-899849
9172471
-128272
5212213
-911144
-4621394
9870597
-3598679
66522
-2364103
8379420
-8290157
8710470
5985324
-7631844
5965741
-4487037
2154594
4913970
1568085
6413804
-4944162
8955709
6620639
6972304
-1867080
9549395
8584937
8312138
937041
-6550375
5144500
7215333
-832971
-5694164
-231500
7359837
2966399
-1777657
600953
-8122134
3084329
-2034367
-3244891
5708977
3620054
5286725
686197
-8167240
-4799804
-8323394
-363857
-8286786
4551793
-9653414
3034409
-9757665
-8739853
-3070525
-6042034
7666131
-4622138
-4539106
-6694638
-3749985
4741324
541261
-7699524
6232145
-4226359
-128818
-5587816
8004422
147088
2214987
2513269
-6582796
-2015497
-3874400
3995595
2527704
6894184
5071159
-38797
1907600
226965
-7054540
-4579688
9343215
-156943
-6182596
-4014023
1923031
5792709
-2464643
-4687402
-7354163
1631273
-6960518
-3737960
-535685
9414143
-6462024
3491279
-8811728
7443763
8748533
-3145741
-3839404
-2136140
-7358038
-7122121
-8867849
-7831930
9070846
4616513
1162728
-6787007
5132194
-3921749
8401788
5060045
-7414755
-5729996
2402451
-5471876
-6320040
8198625
2620222
-7494027
193572
5566909
-2438041
-6627259
1529672
-6269612
6338404
6420523
-3299426
-901437
303739
8611920
5298089
-8506821
-1885696
8688378
-3433629
-602150
6453886
-2795821
1362394
3176078
1110916
825569
1979312
9464863
9363676
8822288
-6244652
-9066629
-1871530
3283151
1538187
9622002
5673487
-5130844
-3907054
-3446988
-5699115
283694
-4901208
-5717140
9636228
575928
-5208459
566156
8230384
198767
9339254
7796199
7722391
2054054
-6739735
3252785
-6988768
-7075856
-5719500
4581218
-8738192
-7084771
-8770063
1489960
-8529614
8949610
-5273888
-231652
3732978
7741270
78513
-8430719
3269032
-5836847
-8149730
-4334707
-3722193
4093233
-5138951
-3849123
1739202
-798434
6636869
6410644
-8395384
-8257131
5991648
5360114
6997699
-5529966
2101433
-2470665
9916258
-3012378
-5857283
8668709
-3817673
6082038
269577
-6528496
-4561637
-6964529
-8607144
-2258589
-8281116
-2184019
-2755823
-449608
-4178736
-3574734
8558461
3213132
-6540309
-9996119
-148733
5698132
-7418912
6615593
8843886
-1652355
-1296645
-9587527
3551788
4830491
6171952
438418
912939
1179962
-3649980
-9388865
5459253
2646656
-3105907
3557118
8636987
-1986051
6629423
1848529
6258946
-9476746
-357793
-3220277
-7350322
-1755144
-904808
-172126
-5338254
-8869393
-1274614
9707439
9465133
6220652
-1098636
-7885811
-4337523
-9766653
-3274889
-531376
8363257
-5920071
981268
2441947
-2130428
1812814
3921081
3358613
5160650
-3120737
-2209596
-3142791
9264584
-2801189
8880885
-7601143
5297308
-2364695
7624883
3746557
9020882
5998890
-364079
7434730
-2753683
-6630807
4380786
6453436
-9802197
1913135
3359842
4344810
-4595556
-6127361
-1479005
-3000377
652864
1772992
2464672
-1053747
487320
-3220281
-9494252
-1252774
-5535716
-5386108
1676160
-332863
6385252
-8651781
-4702872
9224246
7716526
-5155316
-7283088
4099115
9560153
-6339789
6405874
6052958
117007
6374870
-8794200
-4335386
-2565056
79293
5212230
-7189949
-7446468
8984559
3467986
-685131
-3554010
5712677
-4403287
9290968
-556613
1453229
1084782
-1257032
-7278842
3153363
-2374608
-1914960
9990179
-2100545
3088568
-3430409
-4429953
2718739
-2082410
9952581
2797850
8526905
-9452743
7474719
7259150
-1634894
-2652206
-2520454
3493588
9220461
-9548897
-742799
-9183877
-3382012
9571962
9399840
6093735
2966209
-5988117
-8169806
-6109312
6955530
-8044616
540847
7480378
6623965
7173396
-6106975
-8908041
2376966
6599277
7961001
8698453
-3085328
-6367823
-9345726
6213372
-8202499
-7579839
1755972
3353244
-2675056
-6996741
3043097
-7634626
-8496918
7350644
67892
-4929803
-2719836
1892826
6947413
8567646
-8537397
-7100178
-2671728
679842
-5992285
1786123
-7119708
-5260650
-9848020
-5594740
9333566
-8243626
-7621026
-1286451
-8667916
9569509
-8024156
6690178
-1405960
-866982
-3879345
-9536297
-676229
847276
-1074478
-5644596
-7046854
9140230
809224
-5642524
-5451842
-3780928
-4110739
8552772
7740745
-2332153
1049919
-9115842
-4964075
1707247
5594049
-6443489
7076177
-9013352
5975975
-6575865
5659676
-6044332
-7167474
-1279885
6666932
935629
2427232
9140756
-6508910
-677999
6558232
6958609
118547
8080700
-2858119
-3284309
8214118
-6941125
-836504
4972100
-105350
8717701
-9110056
-2314979
642604
-8087267
-617951
-1083379
-4937503
9206497
8157459
506252
9604503
4816008
-2805364
5761018
-1154384
-8300599
1955026
-2829874
8010184
-3112683
-6045247
4085559
-7260676
4683330
-8723045
7333116
2149788
6655678
6855812
-4954383
-91170
6903238
-2126212
5796742
-9905539
-8878528
1987096
9973000
4622055
7339854
-8833467
527096
-4357009
-1516575
6926717
-6039303
-7558956
-6885346
-2269015
6343399
-8030403
427415
7183170
-9545445
2626312
9904941
-583586
-3750815
-4550795
-277386
7717066
-3077476
-6509716
2247429
2325217
244184
5209178
-9777054
-9529710
-2878757
4784911
-1677171
-6957386
-9186111
4845648
6294932
-2991266
-5838010
-1836937
-1418365
5570910
-9205524
-8587040
-3313721
1372899
357266
9601950
-6924153
-6832109
532104
-1237958
492983
7633584
6209901
6154134
927251
-1499899
-2024932
2753111
9387163
7345432
-9267399
9553170
-7787871
-7168396
-111548
1745565
2503089
322822
-4510272
-9612685
-3856757
7484529
3128618
-8755205
3416764
-3277548
-3119766
-6559384
-7923312
-7868528
-3749291
-7675649
-2487895
5791846
9532082
-5536674
5528956
-5402042
-9224530
844687
-617439
-5659187
7454749
-6757854
5383473
9976660
-6602043
2431654
-5946042
3285933
2653036
-1775618
2012060
-7149767
-262936
-7333210
8234532
-8859214
-3945069
979008
9043178
4184127
-744293
-3355525
9760004
-8031950
-6738932
358229
9950083
7338376
-9770829
-8015348
-2296959
-10417
8797926
2726331
4471894
-8927746
-1756746
6148326
2697
8418141
-1718251
-4452198
-3668306
1048500
8101657
-1218138
-7190739
1581815
6636825
7269917
-1358820
-5264521
6088380
-4265472
-4120424
-7655081
-8110021
-998728
6026015
5571354
7564083
7407000
5856758
7826432
6365435
789915
-5214242
-7614888
-7587641
4397926
-8632356
-4284236
-3717885
-4552408
-4473511
-115645
-7728441
-2652716
-7814892
4470748
3661275
6304696
3163713
-7460465
-9770928
2825326
1972777
-8331104
9770231
4457485
6347698
-8319536
-8669660
4215898
-8130946
7212668
-6573645
9140286
7424863
-9876807
-7097817
3668804
3219784
-3309540
2789335
2306840
-6910887
9968694
-6506814
-1480576
-2248567
-2228195
9645906
2094675
-6386130
8315380
9846583
-2400581
717666
-7406759
-1072170
4473557
-7605532
-2533230
4124873
-6872265
1998918
-9839788
-7327112
9519398
8077358
-7448614
-2497881
-1970273
-2210151
8800520
-5861677
-9522398
8835259
3860682
-2983739
-4554504
-2009997
-1806739
-6695382
-7935475
4366455
5730624
2321047
-5914751
-2883264
-5712469
-2702489
-1505264
9597770
-7130632
5142373
-9190320
9876705
5878530
-5924865
2929128
6980755
166549
-6348034
-4486190
9731717
-932102
-6894968
5427789
-3730803
-7851294
-9808939
-4823944
-1539040
9157036
5913047
7378790
3081217
-5554809
-9209024
5344896
-9071358
-5039251
7344356
4019238
9322004
-8261839
-5977402
-3109976
4441059
4117894
5996144
-4010540
380200
-78661
-3698620
8876787
6081866
3667041
5878723
4563062
7679604
8440318
-7639632
883470
-5896096
4326837
-7671036
2214417
9510481
7266258
9685464
3597226
-543010
-3890455
-8330307
-836870
-8818628
-2411784
-5673494
282754
679258
256471
3160238
1209465
-8353925
4989204
-2171005
8883446
9607347
-9818209
-9014464
4666227
6707303
-6297411
-6755714
5058967
1038496
1741975
-4578741
3614163
7835555
-7694174
3280349
-5084997
-9337465
4680687
-372510
3306787
212774
8240833
8802967
1566893
9987774
1016181
-6744907
7172708
-9020752
4745143
-8305206
1045394
-6802807
-7518904
-2095209
6793833
-1370089
-7679014
-3689037
6517339
1335128
-5161248
8196607
-2163578
5301739
9469065
-1058021
-3155866
9546225
-7484078
4422512
-7794998
-4188289
1228157
3554725
-9905426
-3402355
-5261017
-3529849
476914
-4209094
9758762
-3430949
-5852967
-6136262
-5530626
6318916
8500404
-354472
-3462198
8787277
-4360392
-8180355
-8525513
-6825490
6355827
-4287136
6245134
-1940021
7998757
5660375
-3016798
-1567192
-9939927
8541685
762986
4073661
9397362
-5602894
2255211
7702961
-3206647
4927956
-9936040
-1286351
-9215426
3680743
6517390
-4457753
1262643
1028229
-8697636
3846607
7627429
-860380
-9440441
-1799488
3979434
-2003533
3328973
-7049058
-3688504
3663037
-792361
-728945
-1227891
1793497
1184624
-8381168
-4061227
-2358277
-8225492
3587364
3636652
-3124683
2694246
4668729
-1443171
-5427319
-3144121
-3968712
3460277
-6784234
5605431
-3864995
6164612
-7643933
3845853
5288985
-5309421
4325577
-7670338
-1285770
-7397895
7384252
-6058635
4268036
2356546
433168
9832029
7007527
5180756
-1417408
-1219555
66936
7579287
2539099
8856671
-8792852
8045132
4580865
-4695334
-2316153
-5851061
-1224704
-825850
9471159
9419086
6592170
-4954938
3995380
2616038
270963
1442818
-3497099
7455890
-5855762
-9973144
5542257
-7605932
2734551
4714613
-9696770
1088107
-8779948
989303
-9716421
-9124635
-7720879
5784992
2170464
-1405022
-1171352
7551551
-6748871
2964587
2088089
-9617495
9524129
2814854
1946531
-445352
3857598
6631407
-1181109
8874507
33473
9993833
-6182591
-260625
4426760
3755398
916388
5708314
9399146
-6077922
8223615
-1391993
-9381841
6004287
3242828
1219196
-9929237
-198724
4087615
7243053
9520922
-4681504
-2802025
-8989631
9755699
5359890
7060740
1635923
-7380697
-1210250
-3742507
-4976209
1924613
-5452870
-89436
-2272948
1154870
-6097789
9462280
-7899867
4322942
6274641
6227413
-4426994
3951316
-9810455
-2128642
2737434
8056972
-6883904
-3167872
-361885
7629595
8096297
-6078778
-6437332
7306498
1210727
-800883
-4867141
-4274278
7035777
4946239
-9475477
-5102973
-6238345
2838497
5350660
-3701565
-3875534
-6266926
526288
-2419544
3971724
-5190181
1534396
-8838220
7426360
-1525250
-1580271
-3025430
-3730110
-7983855
-939484
5542605
6704985
4723944
6134907
-8094021
5601623
-795905
-4592835
5614803
-2332642
4297849
8601308
9293577
-6330519
7066619
-6882610
7575620
-3866324
-2321316
-4448500
-4942281
-2297396
6034835
4303686
3251809
-3721276
-7429946
-5948829
-2761157
-3531869
5732520
3634423
3785449
-8653534
-1151779
7876216
-322243
-7352011
-5525507
-6089828
8488935
4893248
3305621
5989947
2526156
9931586
-4323048
8973240
5442214
-741266
-6217024
8724287
-1030144
6864250
-7263717
-1074425
-8161316
5641375
5656323
-1584915
-9033803
-8998980
-6112016
-7628732
8783510
7098503
2577818
-1311058
-6337589
4105364
2358180
9824328
-1964889
6222608
356282
4677258
-2176011
-7466831
-8550669
6012821
-2227820
5516817
-4870858
-3180232
3170496
6667039
-4978638
-4561922
-8082827
-4515977
-5704529
-7034837
2338349
-4194250
-3751153
9025338
-2245442
-7864851
5275381
-7955791
1407555
4581203
-5464022
-9158515
6140024
2985697
-2800424
9722202
7518254
-1140452
3726584
-9263144
-375453
-974252
-3841827
7159789
-9027440
1417771
2069761
-9910690
8128981
6690840
-4627794
-8445200
-8083931
99139
-6678562
1494081
-3615724
4836941
3453537
7069797
-5573516
-9608473
-4658195
-6658252
-5583733
-4117965
9461468
681569
-8406015
8748835
1942327
-1573274
-3654648
5479732
4853496
-4960073
358864
2971982
3019349
-8048112
8885741
-6805243
4034111
-5641966
3652795
-564801
-614359
3272508
7128819
9270038
-3363684
6196146
-8537838
4562045
2976055
1369709
9833206
-4291097
9450609
8571562
-4801616
-9108685
3459392
8646500
4122102
-3790391
-687334
-3295143
6053443
-3045386
-4484755
-1080232
-968270
523434
-7800834
-1782165
1612347
-7608783
350648
7332422
-6348220
8209285
-8796742
2814122
1738085
8319301
5654069
7188804
-5528897
-9190365
3758
3320183
387538
1731737
8702169
6505500
4861067
8985366
8098352
7368019
3524606
-3139290
-5377275
-3330685
-4289740
-9220884
7537559
9823044
8747560
-5362506
9320036
-7010889
2497226
5149484
-5526950
2646526
-6097843
1575620
9138573
6125816
4490736
6114074
-838705
3478365
9112754
-2229196
-9906236
1304929
2272549
5050002
7273211
2932987
-7640928
2734929
692883
1018839
3892733
-6484256
-8500119
4689743
6880390
-3739869
-4496175
-9994255
-1685341
-1337911
8339797
5225232
7559497
9661232
5886343
-5666585
176305
1971923
-4012801
-4899592
-5329577
6694089
-3631408
9200950
-6092044
-7528149
-6723415
-6304560
-7722553
-5386041
-1385547
9525509
1195986
8192221
6152098
422758
-8363149
-2603674
1379951
-9861562
959427
-303467
-2909175
-1413574
3254646
-3256455
-3335840
4385109
-3388330
2760183
-35318
2533884
-5367223
6481960
-8854062
-7952623
-5459276
-7348891
2864912
-4994318
-6339306
4845937
-2090119
-2387378
-3153474
604889
-7913630
-7164416
9539930
7941036
-4842503
-6812319
-5772733
-5680318
2866899
-9606377
9716983
5377684
3114029
-1167325
-8700988
2079852
61135
4997933
7968102
3155907
-6584153
8861746
-5423119
6063660
2409221
6455493
-4989766
-7928311
1504372
-3886859
-1921240
3621706
-3391793
-1629350
8269049
-2150365
9885631
2950543
-3541915
-1954245
2440041
5370752
-3569385
-9943017
7890633
4702132
-4717995
7026361
9876323
-6664717
-3261298
4062531
5042252
1938361
1791016
6097130
5498458
7689213
-5352363
-3885243
-1560781
6031556
3426744
3085558
-9910122
-2789909
1354783
9161434
-9576325
3325677
-3933103
7616438
5897689
-2630855
2390612
1135944
-8015643
2388984
2778535
9413315
5366159
6848167
6060586
-1541544
4343218
380011
1279069
-6622556
4965429
-5510544
3715882
-1281209
-4107665
6468700
-554230
6108591
-1895307
6030394
-1440405
-8565247
659792
9544952
-4024951
3880453
9729071
3917769
4099288
8013689
4903822
7430032
6330770
80522
-5303699
8217977
559088
6447848
-1274727
-4032835
-1345418
7243239
4868252
85436
713691
1903532
1698586
-9421747
-7307351
-1485462
132427
-5208037
4842237
6538409
-4397163
-4961974
-1500804
9734943
-491321
-1293667
-3088602
3158938
-7907392
2723187
-9592169
6741181
7664808
3424226
-2380733
7343107
-8833251
-9758109
-6134561
-7188137
1851158
9363038
4242016
5172054
9894634
3568461
-9694214
-4947289
-2032864
8948983
6534674
-2309899
-8305898
5756062
2788242
7124912
-1448906
-3501553
1830908
3053067
7512213
-291020
1293397
2356990
9968927
4642162
9113173
4644557
8505854
4677456
-2709647
4565419
3776479
-5371188
8687243
-6041345
5254383
-3831594
-9734910
-2282167
-8724104
8690872
-8760688
-1312235
-176481
-262167
-650945
7961783
9089514
-319416
-1840490
-722384
1388361
-5784152
1807011
9336913
326750
2779922
1892863
8579305
2212903
7953352
-2574884
-6056175
4795816
-6300822
6753201
-2341697
1456475
-4668649
1047430
4848126
-6773294
4370542
-7668391
3657475
-2203566
-3520863
-7121363
-9372344
-780219
-3443597
-8745251
6095004
4911423
-7749870
-3646796
-4763019
5185791
1853837
-9756025
-2449901
-9100961
-6773629
7130659
-3318583
-296105
-2647751
8487535
-1111200
2063898
2087521
-8887604
5294150
3103823
-9620800
1872752
-8785557
-4937239
-307679
3973936
-3809750
9196984
8488615
-2404051
7030686
3528109
-7094313
496088
-7896070
692439
-3721060
-7880167
9934909
2569713
-1612785
-7767367
7253277
-9293736
-899206
-8324839
8632299
-7777093
7300484
-7512721
9203332
8678376
-2697273
6265733
-3112074
3323054
1282788
-5763391
-3120068
1885402
-7469554
-7295814
-3985383
3346243
1267471
-9611898
8368707
9843801
6608464
-801589
-4252415
-7578785
-8684779
-4476894
3569533
7658283
3269170
-4422103
3345965
9112307
5337294
4090707
4651545
6175883
-3574773
-9718436
-6515000
-3446073
2130018
-1520411
-898739
-4188700
-4897878
3819172
5696626
-6616296
-2224650
526531
-4176787
4718571
-8041166
8270353
3108190
-3875481
-3116181
5690179
8625817
5990418
8021722
8708971
-1113128
-6270150
-1352329
4594830
9959248
-3236827
7379610
-6443844
3585101
-8345551
-1977098
-7033338
3766988
8498908
5546780
-9507076
3558381
-8108454
-576225
-9682200
3494233
6863852
9716703
-7468989
-9156731
6519507
6825839
701422
3891514
-2838414
-7010191
8519622
-8765161
406894
-3110692
-9407767
-8469374
1064056
-7486823
4640962
4731600
-1934773
-4438169
4395886
3857646
-9994294
-4813167
-778609
-7875295
3489426
7528641
-3920292
8207609
1216485
5936639
829282
-5036712
6043180
-1671021
-1876082
4697480
838055
-4064842
-2963859
-2376672
5276758
5529327
-5937540
5737465
6490025
5928182
-5212653
9497305
-7772749
-1580117
-2250958
3786558
-8370184
-676177
-3869728
2403956
6751797
-3656533
1898047
-2487187
1240273
7767864
9070087
-8321379
4850134
2918647
-6440652
-8579815
-2966227
9316873
-4825287
-2822436
-2409830
-4190712
-4252550
-340780
-5204116
-7169951
2141038
-8332356
-5006847
7835303
9884285
-6983698
8810107
-2440333
-8714868
4665000
-7691341
9195275
4013712
-4098497
4277198
7983351
7835885
5905826
1353027
-4317770
101484
308028
-3665238
-102290
7547332
537984
-4999035
5065614
3109181
1232445
5586150
1154574
-9204821
-8785654
1834787
6235998
-5758640
3866852
-9206467
-2009821
-4803130
-5111537
-3957156
2414434
-9642124
-7992193
2403233
9633656
9096287
-2199538
-5715904
446236
106202
4029918
1616434
3356788
-7864634
6658155
3590152
-284379
8785313
-2942183
-7843266
8425323
4275697
-9725721
-2823719
7064751
-5303000
8006901
4647784
8529236
2048976
-9174633
-2407883
-2553357
823174
-2543794
-4813236
5083550
977638
3367996
-9442208
-3489255
2969895
-5056209
-6741710
8782302
6617274
-7693982
-1019864
3865949
-7421839
69833
2577123
9402042
2573383
9619034
-2333543
1104155
2076716
8502991
5357732
9145634
7010269
2614444
-4908918
4751014
9892037
6199247
-2839526
3786467
-7873918
8928483
996898
6900760
-9061948
6340014
2785821
-6415070
2806547
6474634
9112677
8215674
4296310
2041950
2478568
9035807
-9467990
238789
2989137
-2568719
8502935
8779974
6793000
464207
-5890969
-9886184
-7807309
-1306018
1288732
-2425181
2886794
-8524975
-7889972
6212873
-9810074
-5618397
-3482388
2171943
-7713525
-1055306
2884080
6764840
-8912393
-2467925
-5346358
-7110457
-6273441
9417705
8611254
-790722
-2132479
8739633
-5315788
6453381
-9738171
8404669
2187077
7055585
4863395
9426809
-7736490
-9288961
5134416
-5356347
635668
3180780
9729557
6594328
808962
374109
8158987
-9658579
3042856
1240442
6277782
9977127
-8599662
8631918
-1144903
3583531
-9625802
-2175740
-1113803
-8105853
241682
-9302679
-3898029
-1003834
-1897515
-1613706
-952543
5565141
7421380
-2508183
6600152
-1242626
9463726
1448075
6837675
-643264
-6266915
3990430
-362482
-553799
6788691
7946321
7185755
-5122254
-8195891
-553726
-5303830
7052313
-8010825
-8502792
-8869112
-6161803
3269418
-2264548
6468693
-1143440
-8015582
-5186710
5916067
9348508
-2033616
4354435
-1661860
1999302
-2252191
6808609
756525
-9885469
8401987
-2658433
-1084577
3533570
-9580836
-1788891
-5370782
7094140
1975787
9212741
-989260
3084421
-4103735
7718988
6612766
5613531
663722
4316178
-6634265
6200879
-5152743
-2436238
5791265
6943629
5296117
4142848
-2923109
-4917679
-6080239
-4079180
-5933742
-4746191
8342679
-1386185
6086860
5186221
8569210
3489035
6964063
8406166
4612211
8450021
-9028224
-8375629
6767723
5071336
-4050544
-7162631
2168468
548281
-9496990
-5548244
9201247
-2562261
-6031040
5676696
-6888841
4638603
5750568
-1358452
-3738391
-8186387
1474199
-8262645
6220811
2516477
9662142
-54570
-8995965
-235493
5948899
1794290
-4760545
-9971635
-4459106
-4545
9934646
-7937636
-7772275
-5904924
9874002
6144347
-7839243
-4877076
-6719564
9428335
-9950147
6116546
4326951
-3467170
-5591513
-5650437
-6115263
3486494
2326958
-2086726
-2028229
9319377
6446724
341845
-4565630
-7997183
979444
5179484
-4205018
-1754745
5054094
-2760346
-6436159
-4597466
-4657075
9811353
-2294044
-9537173
9253681
1819775
-2369533
5188242
2056259
-4172663
-6432084
701028
-7456423
2022664
-2891378
9617764
-1846389
5220087
9516096
-3319235
3627737
6511917
-4045186
-8948615
7372661
4177653
4460346
-840007
-9874833
6854768
4331338
7677302
-7063012
-6193185
5777069
478602
-852601
-5523380
-2432692
9230867
-9290053
-6332165
9977117
9357448
-7574328
-131426
-8132376
935883
4739984
-2933088
-7803475
-1384327
2692804
-4175074
-665173
2168211
3146533
10556
-9418048
7697878
874773
-4426919
725895
-1502327
-4141405
9739041
-450448
5925056
2212391
-792790
2888283
4093626
-4489464
1933029
-6198232
7735190
5164859
-6616002
-4878305
1817004
-2077130
4358343
5399352
-8883011
-6033523
-5008074
6881459
3906600
3933725
-8231023
287237
2193409
9644659
870833
1822556
1278475
4072240
334405
-6346335
-5328137
6192058
3188724
-7380295
6550334
7908657
9332863
2492442
-3836634
3386001
385395
2988323
2746371
4620446
4139740
4274382
2613643
-6593675
1898622
-667224
3730573
8033122
2224425
-3731478
-7078255
336930
5571785
-9213430
397605
-89191
9988640
-6208402
4510777
-4789496
-473089
-561420
-1994438
-8929644
-9769778
-7207695
4639520
-2786084
6035347
1020732
-480325
-2348715
6614832
-6465868
-1907203
-9461702
1875803
-6634775
-2706078
-3335865
-1809756
6725599
-9004310
-7189197
597870
-3751582
-5087841
9211996
-3153982
2635268
7862458
3526967
5543437
1272322
690410
-5878274
-9773829
6990798
-9646964
-1346884
-4920546
7459247
4477835
2722867
-3089606
9752893
-1973178
6137166
-6379604
5805541
9468973
-3542335
-3412425
-4065031
4214502
-5494188
7324041
132450
4911746
6676852
4172529
-7661720
-4803114
-8691848
-4544082
2807109
1045656
2205753
3982924
1160069
6713523
7625253
3607698
-1079040
1564308
2784465
9517894
-2404427
1248520
2270934
-6340948
4609608
5490608
7914366
72673
3199318
-4394250
2491870
1923846
-6182914
9544265
7181931
-4240669
-594650
-6351311
-1223281
6665914
-1575893
-4047330
7956437
-5266111
-9732811
3789675
4239108
670514
-9075591
-7735537
2587068
5661558
-3548489
-8693475
-221605
-8485534
-568572
-4595365
-7579108
4255202
-7672027
7273861
1934261
-1284293
-8623090
2638472
-5175282
1048979
-388482
5648895
-2452770
-5606642
9526516
-7090029
-863255
-7880684
-5192560
9768177
4235798
-5080052
1994870
-9976892
4316211
-7541297
7980906
-2000691
-146622
-2989848
-6571739
-648628
9292240
9932325
928925
-2183665
-5028335
5065440
5844950
5787424
-1122008
-4384941
-3893310
-2005167
3489746
-305135
-5391709
-9295960
-2678404
-474021
8090491
-4493159
-2184895
-8285038
6027336
8847247
7278444
6143104
-9527441
-2360220
-7331613
-9998882
-2246358
-5248490
689044
6154202
-7612294
3183838
-9257635
-6248332
-2189523
-9024402
-677558
823387
7579944
-6636707
340920
-4603290
8471440
896378
3654343
7949888
-3203661
9815669
809764
-1816119
2022606
-480178
-9285097
-9572003
-1666114
1108322
-7691219
1211832
-8248586
-3276297
901302
7286197
9383873
9660984
-6776215
2845952
5940015
3507918
-1135124
-776734
6642887
933867
-6190328
-2213419
-8335453
-9213182
-9516396
-9459334
-2144483
6594679
8125701
8168882
-5818429
6289950
-812361
6164251
-5462896
-4642962
-2630226
-2192111
-6945122
-9578496
3598741
9874281
-3886177
-6228687
3230064
7260467
6448133
-5962243
-6006354
9466163
7934713
-2131459
-4240595
1717672
-9249776
7763025
-2640289
3285326
4280578
-9117550
3343124
412842
-4745086
1245317
9374811
-1300779
-5602566
-2544127
-6653831
-5853547
-5679870
-564491
-7546548
-9312157
767122
-1232144
7347333
3669179
2714584
3896519
-793068
-8434142
5855194
7231786
-1861545
6484023
2172833
5699861
-51785
4693126
-4936598
5599255
-6123664
-5803043
-820491
-2304225
-7612683
-3304152
2329900
-9523164
4486617
-8269830
-4153336
5073526
-497173
-4672218
2769518
-593324
-5604499
1323439
-2596324
-5546791
-1876590
-6667290
-7956972
-1101328
2945255
7116713
394468
-4419929
-1513494
-586915
-6294424
4772382
1225218
3588200
-1731541
8396873
8504589
3715980
7014196
-753986
-5175171
-3060609
5792188
926172
-3689133
-8302055
-6419203
-8312478
-6943134
-163878
5247778
-5651678
8410440
3310627
5453750
3931990
8679895
-867376
-5588484
5191589
-9650349
1813192
-1622956
-3549970
-9728265
-1430233
-1893575
-727559
6224858
-299493
-3273874
5570819
-7614262
298882
5804424
-8071835
-3680787
2245555
-6058094
3603858
-7114190
-1034123
4660136
2944744
-9356563
-1614220
-1860393
-1763429
-2025302
-6902136
945387
-720995
7089513
3262223
-6062884
-828839
-6687715
-2629177
-9709505
8670669
-4306677
5760515
-2942436
769427
9142767
-6818606
-7999332
6444078
-9172560
-1530702
9366114
-6657924
-9747397
-7286255
-7367064
-3384034
1196832
1534849
-8950841
4324676
-1284977
3576423
-93047
-8521599
-7916933
-1327031
-5676771
-3785477
6907884
-8000837
-2888998
3413456
-9440619
-6879702
3088585
6036522
7134095
-6715507
-4384626
-2009180
8059773
-7226130
-6805823
9535337
-432663
564386
-9365477
1170026
-740778
8274676
1915852
4303088
-1266464
9264333
-2991204
-3751855
3617123
7838519
-1362833
-1387906
2830935
9237478
7788381
-6239500
2512003
-3856982
-8321514
-8425610
-7435831
405333
-1257426
-8578316
5118905
-1755598
5740274
3876471
724069
-7424609
-4139330
2088586
8720662
87921
-4517817
955640
-4327896
3086674
-4446352
-6042342
2495259
-3896814
-6989668
-1894963
-7637660
-5392
8914799
3299711
400933
4270436
5542589
9724231
49116
3724265
-5463226
7577360
-8404735
3279063
-8871958
-2197996
1861466
-5851521
7535465
2810919
6326916
5440475
8755358
8519557
2208936
5556247
-8147980
3175488
5095498
-4070963
4097236
7326791
-1925030
4907689
-3224198
8079541
-4775792
-3381696
-9834947
-1167848
7265983
6856939
2908584
-7935642
3009005
2839486
-1031573
3247700
4378449
-6182875
-2972880
-5884723
120748
-4443587
-1195805
-3496259
-5897821
2520765
-3743853
7260057
-4983837
-714640
-6285007
2472029
-1448072
7493435
-2720012
-4022436
6705414
-7625973
-4022622
6090984
-9823825
6875009
-9441476
5476201
-6491015
3323928
-4469953
-3329673
7161785
-3226032
-5261526
-5069492
-5199582
-145145
-2890736
-6402292
-9556931
-6349387
-1688314
8773403
1711245
-2653824
3784130
-2203120
667615
-3746826
-267060
-6864792
5772816
-8007987
-6384045
-1614440
6315036
-5025185
-6689282
-4364174
8611666
-4961543
-9086404
-2096157
-8144890
8638406
-2792555
-3048725
3201479
4037139
-5347568
-954721
-6166821
-6762202
-9719584
7342882
1244665
9257478
-5413353
-8646540
1749342
9245333
9536728
-1875440
-6632727
-910982
5020327
-7006666
-3126243
-1884750
-6741737
7654667
-3331708
4284688
1920272
-5242972
-1169846
-4806304
5741337
-9621711
5236878
-3234500
6239626
-8971881
-9506186
-121698
-8031981
169106
479491
9388739
-9250944
3664666
-6013740
-1049101
-7526545
4889064
-9904394
3223438
9006893
-3750998
-9090482
7792158
-3380109
2904380
-5228128
1110957
-9900811
-4409343
1829934
6355028
-240792
557076
-1135187
7802864
1280837
-9083259
2934000
1508541
9722680
-7750453
8133342
-6886766
-3036354
9875142
-5914030
-7063924
-8594195
2743578
-1470800
-1191199
3438469
-1781424
-6155847
-2288280
3803360
368441
5711643
6910895
-4518744
5338383
-1725284
-3240503
-1099532
3633397
-5337004
2263627
8759278
8610377
8141000
1882059
-1032569
9595948
8947022
2197702
25297
753908
8615184
602043
-4139879
-7444795
9334315
8214974
-7300990
2746646
-304478
4912582
6848448
1380065
375177
-8815960
-7388743
-9488773
-7984790
1386462
-6025562
-5439064
7585485
2132505
-1477377
-4069850
2183073
1690836
1601860
-3697996
-4587668
6330552
-1497464
-2157250
-8688719
1560336
-5249266
-3857895
-3004407
-4282637
-9025162
462877
-6008188
-4355206
5942074
6374180
-8422606
-5646795
4431610
3508880
4892847
-5503067
5921473
-4869978
2262696
-9670917
-7689225
-3965972
-5379348
2113695
-4001909
-5665701
3646379
-7775893
-1265625
-8130379
3282475
-881148
-2656625
1119277
-346824
-7005309
-507829
5881295
-2425195
-4669224
5118109
6057197
4801829
-9062386
-228351
-5970053
7484306
-8563568
-1414630
4064484
1848323
-4723009
7003371
7864091
2245734
1579588
-4307829
4021174
5846288
2496447
-6895617
9638279
-3524067
-1027930
3044533
4652877
4616822
7253515
9078939
-4066033
4829697
-1998477
-6130194
-9653509
-9197577
8195366
-5330975
-7378893
-8149488
8644394
-5752913
2878036
907009
6128353
1873923
4459935
-7785243
-1678030
-5909886
2872638
-359940
-1902553
3090713
6582626
444077
5679420
6461643
-7734554
-8282290
5119175
7846628
-4839513
-5451027
-6156206
7928438
-4560660
1682865
1967081
2580881
3281657
2502121
-6668594
8508419
7156332
-8115045
-9120630
8427752
4304396
3751997
9305778
-3721949
3957626
1298585
-1248043
7222907
4569849
3081512
7159562
9440356
2015086
-2349856
-3119094
-4546319
-3195511
7712477
3390280
-6868600
-4090741
-7449180
8040961
-4536504
8165880
3896996
8710753
-6286736
9204935
-6826717
-5178789
3038113
1184486
-1809556
-3762822
-8409410
1420850
-3604588
5549069
-9294433
4881116
-1760621
7097988
-7682544
-9343496
4023351
-2669977
6836350
-3238221
2653426
-6362696
-7381217
-9232344
-6444102
-4808289
-217473
-2882572
-1825382
7711153
8259903
-423282
-142695
-4093688
-8251106
-9523602
9374740
3249043
-7102367
-2056522
-1024414
-1062643
-5621664
-2321518
8858269
5423402
5248306
-5101711
-783681
-9773037
6097919
1470015
-190157
8582181
-1395555
-2649222
-3011792
1291939
702874
-2272337
-7505179
9599964
6461425
-3103956
-4095494
-1642559
-8023291
6287893
4053336
-9561897
-418120
-8407278
-6876876
-2645478
7526664
5400857
1885491
-3706816
6323003
-1557243
-6048427
5683306
9325396
4140327
-2074030
202854
1612054
-2065368
9513971
5989425
3347036
5252571
-1944789
9719111
2370008
-9760923
2325992
-8802740
4138811
1077288
8661774
-3178769
-5879361
8968784
-6928805
-7449431
1930397
4051459
6461203
-4720595
9036081
9764049
870167
-6753394
170932
-5527554
-9753051
5464361
-4853049
-2880510
3587783
6545393
-6726915
3780361
1576086
-2298543
2824023
5376702
-1171733
-3616526
-1928197
-7517228
9681387
5733182
676568
3528192
412224
5438495
46985
-3543060
5308510
6428196
9723475
-1463838
-3977832
-9299308
6716374
-5262300
-1439665
-1971807
1447395
-3998070
-2259409
577063
9756891
9986545
8834549
9698241
720367
6237434
6494371
-9326556
5704744
-6386884
9230031
-2554854
5532335
7882779
-9105559
5909370
-3534544
9137352
7362244
7870040
-1809274
-1992671
-204168
2950377
9856074
7443244
-6464997
-2288702
-4737693
9997801
-7316160
-4954002
3777163
884663
-8322822
1031915
6760813
-4000956
3103513
-4403314
-8751870
-4149783
8948964
-3437203
-777555
5363252
8776033
5797461
5475885
-6394982
8136729
-2921321
-4965636
-2872745
-153099
5219620
-3703536
396654
-1569734
-9444895
6509992
-7798423
8411276
-1536769
-3546855
4919938
3276445
-7823066
-6329805
-7645853
-9392818
-2685154
7385767
-4077478
2168608
8726328
-1752064
4568038
1303175
7838198
615706
-6636131
-5909824
5485066
76895
4425780
7007292
1680058
-1501144
4378685
-4308733
-9947924
3769869
-4703916
7680676
-8840092
2560284
7238741
6718513
-9379744
8497625
4194417
4876004
3158215
-5199296
8922228
4870078
6356890
-3443059
-1788058
996336
7079999
-5853540
7638104
9224155
2737648
7987268
-1525440
7422302
-1296235
6764008
-2350641
-7431647
1307165
-224296
-7310024
6838152
-4409066
-2447232
-6355964
5681961
-3562364
6910084
4067594
-7264833
6121180
4418312
-8556607
2627140
5836021
-1675231
1928060
4445778
9743266
-863033
-186754
-3256588
-7154284
-5176492
8003802
-4158037
-7320663
6494856
-7463909
-5949831
4300537
7758010
-1794752
-7687710
-2991778
-56272
-3725004
-3592448
-1791958
5098799
-6083035
-136505
-9264705
-6495728
-2901317
8569057
-6468115
3181009
7597765
-6098166
-4955360
9392112
-9561010
9610871
-9790511
-4060890
-7122573
9851164
4083155
2084580
-5530411
5068221
-8316932
-3366233
1898522
-9714464
-5970920
5777515
-6443975
4352740
-7146187
3297868
-7735360
2702982
-5820888
1089235
2522643
8363820
2842144
-9027163
-9287328
-2941293
584659
-1848575
-6196104
-3575389
-6101551
110824
4162351
7880913
3022240
5044466
-5912696
4828366
-5224861
-9537931
3223468
8768466
1105842
48175
-6520970
6725331
-1274076
8416675
-8154075
-5726306
-5162015
-7255433
-348050
-191611
-2510828
3805105
8400793
9241610
3985461
-397929
30755
-666884
4684689
-2845004
2558707
8975582
-3684825
9359884
-9774352
-1025538
6299757
-4666418
4205956
2556612
9755406
-290604
6031402
-7419326
5329976
-8577416
2683150
-7565499
-6982376
1802570
6446098
-974188
-4278048
-5124801
-2766465
8565190
2305990
6003004
-9045938
5805393
-1187929
2172449
5431900
8896342
-9136673
6200590
-5286447
-4645799
466705
6721534
-3534183
5621183
5704622
50593
5058012
6179400
-2957855
-233274
-2840119
6518233
-926660
-3557003
8587375
5182657
3544936
4136387
-4366288
5830810
4717464
-1400460
-3524368
-2326349
1273122
-4221208
-4730411
4281585
4081768
-9541856
8496450
-3146811
1902711
-3321090
-7798170
-8939971
6446677
1533730
4590668
6482861
-5671150
277845
-24139
-1618012
-3339388
3340798
5458913
3311673
-4115010
8584036
3311538
5602816
-3845738
-5426268
9623876
9747252
-9256584
-4242412
1560476
9870650
564371
-2544423
-4504985
5048601
-1885349
8768402
-5808542
2409847
-5334880
2945690
-5461771
-4985744
2967830
2480784
-4256057
-880878
-3365747
5440138
-4386870
4669509
-2851825
7817548
8433147
-7342807
8638195
-9924584
-7681291
6512382
-4366965
-2206071
382460
-2992701
-9330236
-825440
-3783638
9046051
1730821
-1914897
6971017
8568505
-9150516
-2859687
-4329246
-790555
-1432566
-278184
-2894490
-949695
-1514093
-6676793
-8085889
7161960
1421294
-2498444
6441967
5782157
-2539880
-1196477
2186997
9344017
-5549135
-9802145
-7055606
-4264452
5197025
-4602674
-5728906
4085019
5967019
-8515243
-3885279
-8710370
-2419784
-3868571
2461689
-8390471
-5646531
9736930
-3687961
-4159787
-549866
7158577
-5771020
9439710
-6459872
4517497
3204510
3077076
7736821
-5610796
5578844
7455100
-6498002
-7394418
7970188
-8310464
-1777690
-755630
6026205
7481251
-1601415
7117760
-2020443
-2188132
7522385
713439
8730472
6898928
2227128
6821355
-704151
-6630335
2753516
-7837280
-9895087
9655999
-1856478
8651953
-8333291
-5630374
6519830
-1231220
4942448
-9028413
100007
-8928972
-4226871
-60859
-2802931
4664991
-7538567
-1119380
-5970446
-3925602
-4597903
1940661
-9020686
3919621
1087895
4613732
8984503
2565019
-7993382
5375313
-8977079
-137623
2443430
3558241
617633
4923895
-4867006
8884288
-5735856
-6900472
-2374679
3896431
-4713054
-5827081
5313095
-1514544
-9156003
9867746
6770427
-1543535
4099618
1590063
1221852
-6549643
1636353
3859835
9823862
6578786
-1994216
9683941
9545509
9687385
8686415
-8457918
9640045
7041118
-4239372
-7168607
9549087
-6242367
-6636601
4890959
-8678267
-5790055
1205437
4193054
1772423
-3008927
4694680
2590624
-3363915
5225698
-5997505
-8982677
-5285846
9082016
-5740401
-716870
7337258
2547124
-6292498
4122875
5297865
588934
-5386736
-4773898
-2240813
4520182
1140883
3901401
837091
7170220
8225276
-3624018
4373522
3765877
-6567131
2888674
2290797
-258627
-4264764
3427427
-4825907
2237098
-2282796
5705122
-4240611
1822018
-3421994
-784987
-9142488
635025
6393498
651628
361411
4842932
1480096
-6177058
-7318812
9633678
3642481
-8231700
-6022348
7896148
6275663
6308799
-8412240
2094773
-5585344
2207447
-6900257
8341318
703098
-6351480
324038
374486
-604985
3776183
-3416436
8896420
6880144
-3579029
1777445
-6048445
1270840
2535942
5461879
1953618
6637631
6381875
4162991
8569678
-1407228
-4695948
-8932731
6198393
8097179
7994064
3878649
-1167765
7090786
6128924
9749200
3967420
9133600
9833789
-6151014
6104852
-8941154
1036442
-6263895
3687715
1101370
-9566858
7427872
2302097
5929841
7136574
-7705617
-1179710
-9185079
-7879950
3072303
-1978437
-5933984
5922265
-4787944
-1225405
6601015
-6712510
-6194018
9480237
2723279
-8714229
-4232709
1332926
1733520
-8909150
-5566707
-6342917
4037534
8545167
7464630
-3253578
-4250014
1170559
464328
5323294
459133
-8788551
-4169329
1048144
977009
-2205125
7145793
-6557139
-268930
8325875
7301084
7237653
-901238
8535256
954572
2441236
9124035
-1405235
-9432981
7330963
9330564
-6216202
-8939505
6161353
-9457618
-3540873
-2579063
7182669
-4777331
6128695
3645948
-5887096
-9154363
-6231315
-2671352
-9916537
5684423
7310421
6491028
-5135300
1723537
4169701
4817776
2832206
6105481
-3058917
-6954769
8699692
-1613270
9038488
-9566923
1945358
-3242450
5374712
-8834890
205600
3120072
6819353
-1969379
-4415157
5849958
-6860139
3266436
9859017
-6167050
-6186019
6724057
-7837149
5214820
859611
-2998732
-2214698
-7539893
632697
-6684013
6066425
-8022020
3136641
-6509033
409811
-6666152
4957367
-8285615
-4694921
-8039470
6649938
3311552
4051063
4454082
-8474513
-6995625
-1373318
-7113284
3912311
-6238638
2118182
6757128
1381853
-1556712
1594478
-8530721
-4721071
6159986
3457646
6093214
-6873540
91546
3710553
1932971
-1941966
2771316
-6316761
9104280
7495670
4059377
-9551728
-7826391
-1116696
4360180
-5965269
-3983493
7898298
8018417
-6041725
-8068507
5210213
9656173
-9430841
9881252
-6130625
-9122509
6775498
3503496
-6787798
7939243
-329559
253104
8986784
1363883
1197689
-9379304
-413980
7366556
4119809
8361223
9322672
5032516
-6978562
-1673710
6955824
-2258840
9040704
9384824
-3011601
7082401
3549913
-284759
-4301206
7675800
-3658962
341143
-4062926
-1435769
1232269
-6038938
-2955974
-8773698
-3408625
2506815
8529460
-6790241
-4679452
3694549
-7810126
-8240073
-4888814
-3279497
-8592
7465693
-6035015
-9897765
-1508501
-1369645
-3617673
-9258554
-5605330
8838384
9814592
3556627
-3635483
7953741
2797668
-5112077
8814859
1638640
2767943
-6142335
5098914
4554584
-1059843
-4737727
-8920630
-9427146
2521370
-5271914
-7909785
-455821
8585750
5319828
-9443284
-4541348
4716055
7307964
-9927484
896229
8445628
3331894
-1296997
-4124047
-5840025
672191
7782759
5916561
-133671
-1533310
-8932562
-5159937
-1928609
-9845764
-6747173
-3164917
9732909
-9929469
1023171
5116831
460552
2351613
-9207457
8863781
-5148014
1321623
9383824
-2560215
-8323455
-5312267
-3752282
-2810159
-2005266
1229686
-3263113
-972273
-4941737
-8164657
-4438779
1161351
7014489
-5447151
-597458
-4763601
-6145065
624532
6165814
4170241
4747460
7891857
-779396
8046770
-8384465
2097452
9330926
9761907
-6921959
166220
-9320185
6965713
-6289215
1999575
2890238
-1789794
-9809541
-1785352
9701318
8296239
2751509
2076996
409916
6248900
3046674
1896818
-2732758
8007858
8797027
-1314119
-7770077
3846543
4942379
7299581
6616569
-1185584
8369549
1720626
-4571691
-3724003
-2265998
7688235
4298434
3495857
7383992
-9204753
-4634126
-7777838
-9687581
7681261
-6361468
5998622
5612895
7655761
1062819
-8067509
-3701180
-668444
-9822592
2225774
-8441432
-2932162
4576703
8704241
8352233
-3050348
-4242735
-1260137
3057753
-2157345
1838210
6085302
1005510
2384665
-1641244
-1644277
8230270
3855722
-9885070
-5302775
3484592
-9248281
4771446
-5978279
9565580
-3706822
7379146
5002241
-8785410
-5855362
6920045
-3689321
1877117
-3093287
-6763882
-2626468
-4509444
-1575100
8704736
1174916
-349843
-5189625
3049550
-4216384
5550468
-9847438
-2735413
-553696
-157175
-187949
8741769
9442102
2647478
-553733
-2318002
7115966
6900244
-7379065
-3577519
-1830585
7170747
5567576
5892564
-1926152
-2012039
4165089
4313255
6373645
1444955
6876632
2076176
-4464240
3592704
-8147240
3417837
-6351101
-566296
8797807
-7355496
2802480
538887
9447718
-1099629
5863443
-7456186
3714019
1065876
-2921429
2259989
7057443
-1083007
6999456
7954136
5866077
7827804
4952602
-2349756
3759588
-5136641
3711328
-6749862
-9614302
2492439
-1415767
-7023925
-5083700
-8666503
4998722
7893582
2381531
6331277
-9511633
4518742
-4869157
-4937886
7797066
5329423
-3634800
-861752
-253379
6760584
-3691594
-4456538
-2192060
952853
1246270
3032986
-2028964
960945
-5159811
8671069
-828358
2600813
7396823
-6613869
3047722
-6668816
-8295339
-9998604
-1921241
7302453
-5370582
4537133
3748497
320469
5405733
8712304
2197225
1637547
-2711281
-3917430
8127996
-7046869
-3101905
-2784261
-2684065
3808861
-3441028
-7020696
-252912
2709433
6188397
-7421586
-7686777
9056597
-462821
-9349388
-6353813
5555012
-6258834
9784406
4142404
6107520
-9701444
-7425546
-5373187
-3862508
5740032
7207656
7983419
7609404
1459754
3919729
594383
-8364749
-3415962
-2463457
835681
-1062360
4426077
-4249595
8337983
1297860
-2609505
225100
-7182675
-516822
-8160826
1256594
1314046
1873050
5969467
-9041136
-6019281
3069016
2033689
9330146
2101718
-3550501
-338059
5147495
-8505774
-6167687
8145485
1567221
-7503724
2064661
-4233192
6269530
9293716
4051468
825847
8774994
-3042349
4369253
-5385134
8984344
-4910680
9428230
-1664429
-5844126
7865142
-8686574
-2571928
-2570958
9880381
1016961
2841880
7449183
532398
8423193
-415155
3399879
-3699319
-8609787
239001
-8784586
-4026902
-5038490
-9820642
2032687
-4768601
4681018
-7174174
-8384619
-2020577
-3327159
6981214
-5681334
-7334049
128175
-1964765
-8075015
9072288
3397401
5806592
-5505430
-4238034
6380262
-3209887
9071543
-1807216
-8796566
3196596
-9059972
935810
3005297
6501200
-5984467
-5798019
-5890423
1628827
8896573
-7556542
-4076874
7699880
-6177301
-9919131
2327687
-5355556
-2277788
7765730
6659977
4175481
-2827716
3727921
-257812
-7818601
-4042676
72081
302657
8020802
3595421
-1488572
-5784743
-889267
-361224
4337805
-5724760
-8242068
2861034
-1933102
-122883
1278746
-9273001
298255
9868964
-6308404
-828902
-6472580
6135190
-5253639
-5707842
-6338699
9742895
9994996
9650879
-4615499
2998136
4186502
-7003148
-8422809
-9791229
-416099
-4394526
-4537122
7876616
7471008
4111545
776361
1051574
7501404
-2368623
3506792
1449726
-1269402
4360155
7482626
-6330092
-7532543
7316615
3878471
2089989
-3836911
2168894
1101527
-2011578
9335761
-6234445
850147
6191245
8149877
-9090154
-6294630
-9651121
-1657467
5557524
904888
4731799
2629427
-4386623
1912895
934278
-9010699
-3240979
714329
4549546
-2217002
6582494
8885602
-7267564
2213451
-8273098
-4480314
-9851129
-5151451
-9994055
-5045803
-7242054
-7805852
2410212
-805075
-2376450
-3441267
-7005889
-5415055
-5114268
3703906
-5348523
6999764
-8239434
-3373770
-1477124
-8798490
1008213
7163917
-7404621
7981720
639872
4398239
-4202014
-4958618
2198255
4819421
-5053822
-6540113
-7578598
-775663
9504755
1422769
3104537
-8737191
8920643
-8363327
6364300
-284273
6731906
-2597561
-8849453
4895393
5954503
6028170
-6298409
-1411474
4313373
7778032
-6061605
8439801
-7558200
9599889
4218676
2023457
7929683
482344
4369336
-5240545
7543877
2529260
-8972657
4692213
9595605
-5309160
-1841267
4790507
9745593
-8687945
2756072
-2696362
1071041
6079439
-424596
5007869
4567515
-8566380
9981103
-9146
-9486957
5479488
-833153
1872620
7535723
3207398
2363713
504787
7874479
9373956
8277955
2729420
481642
-1725710
-4769794
7103268
-7057466
-9995232
-913010
9920009
3344461
-553244
8158193
6499777
-537870
-4234778
-2406652
8882689
3168284
941629
9324011
29346
-3008331
-637681
5629565
8654481
6542740
4796938
-4325222
-9869732
6111670
2151519
5133115
-1261988
-6360345
-8397135
4648410
-8917847
-8962281
-8097940
-2280582
5670444
-868047
8766523
-8598260
-8733361
6619745
-6959264
-2038344
4529449
582998
-5411335
3930286
-1209135
8430884
7373870
8699910
8888633
-866045
6498647
-4707431
6224298
-4161829
-161029
4939651
9308059
5771653
9058051
-541660
-3701705
1062472
120059
6850835
-3853510
-8258849
-8307089
-3542674
-5580940
-358671
3358664
3301805
5971929
-1244459
2186872
2760291
-5159631
7474900
4876791
4337639
5644119
-149895
9588195
9856442
7140985
-625958
-9747487
-5160308
-5112856
-5135588
-6715676
-4724825
7352426
4237968
-8966956
8021940
9753013
-3918787
-4261217
-8765584
6498921
827512
8598140
9916820
9542566
-6855402
9127581
2933532
670030
-436657
-4357981
4229282
6489780
6167017
-8009569
2609574
4580153
1655680
-2658598
5755261
5447653
352957
-7886821
9261267
2620939
-7911596
-3107770
-7016312
4203231
-7142314
4706557
1143236
-3092124
7120067
7361654
9742791
4909164
8156835
-1762755
-3343244
-2161927
4953592
6239977
4902544
-6596594
-56714
8503896
-1172395
-6619379
-7731672
-4840659
3944516
1687459
-7318228
1633941
6072138
3842244
-5883626
-666871
-6228784
6341483
94251
-3477163
690642
3700724
-7232282
3841705
4123626
1370732
9292000
7522918
-6447344
8370665
-9036504
8503188
-8169396
-2132884
4448546
-6905166
4679954
5974583
4203375
143228
5972680
9457835
6424896
8790855
-1283175
7727936
8347624
-1338516
2636395
-2256349
-2052837
8322931
8781300
-1332567
327622
4483574
6323570
-6629367
-8268570
2120508
-6296085
2772995
9092873
8179116
-2132836
-5249070
7980163
9246559
-6383456
9976545
3559349
-6344575
-8518061
1124487
-3991696
-7577585
-3805338
-4624835
199253
9133518
-5064486
2214984
-7458400
-1123462
-4776848
-7921688
7499143
-4988867
7221055
-6515776
-6224042
-7949494
-499205
9432102
8673976
-9382207
-6409422
-7426851
1570638
7226198
2419298
9163621
4390870
6237409
-9340895
-5058862
-8839409
6370818
18628
4871662
-4973032
9004290
-4825290
5321419
7581458
-2157275
4670841
-5312099
7986953
-3467131
6940873
6355420
-5889336
-5182001
1754798
4995430
-3158657
-5913414
9161965
7762029
7711100
-8514253
-6707815
3241194
4034473
-4763366
-6914567
4445763
-5459883
2734200
658622
-282414
-2194325
-7264351
2081477
7306456
7682393
6143198
-7763158
-7375978
-8270132
6709358
4649346
8001141
6346642
778803
-8735266
7421516
-5705797
7607438
6967417
7594981
-6201083
-6190614
-1703668
1760478
5490015
-3153240
4768548
-7300506
3075433
4636449
8002500
-4989174
3150235
-6365974
4503955
-9003788
9177938
-1341606
6869316
9032730
175775
4847172
2236823
-8968415
-7036988
-1127992
1113218
-2269552
6792794
-1526914
6093698
5263515
9365181
-7500924
-608687
3160738
2488870
4342329
-225702
-1661854
-3515923
-4610615
9348598
-1653772
4607219
-1251398
5165210
247103
-9986959
4915324
-2630591
9310686
-7222725
-7402142
3569101
2322913
-5509511
-6564733
-6006717
5095493
9543005
1155696
-3689767
6277456
8562495
-8159103
6897616
-289061
8216263
64531
-2091952
6952868
6532650
-8804480
-2523432
2687990
-7073101
-3171241
827840
-4611731
1370990
-5757947
-3005331
8006144
7856409
-7554163
-1724531
9207385
1541810
-1618761
-8176688
8835016
7873995
6681380
-2853240
4029819
7346905
5024927
-9862499
9829126
2269543
9021744
-2002806
5774297
-3366062
1300545
9181334
1014416
-1494230
8453800
-7844122
1889361
1304609
9740224
-5260366
9248422
-1715147
259149
-2648671
-6170611
-2376199
-4265987
-7088445
6650612
2960338
-4468137
4646197
-7725645
1370212
-3121690
8559968
8133513
-5582457
-4687651
7203301
2300745
-6701664
7255973
8982761
-7985482
1278167
-7129172
-2987229
-1200453
853486
8913580
-7604119
-7020404
-8454142
-5540438
5018587
252532
3700156
3044149
-6671538
-3723543
3521864
5485509
9610182
-3708939
-1479865
-1254812
3364168
4252891
2620103
-3920447
8833880
-1112111
524067
9385372
-5630712
4688226
-7414923
6758775
-1740028
-5324838
9356432
-1586123
-6401241
-8493091
-926223
-6971979
6407182
9301541
-9369842
8886326
-7082332
8435796
4427927
4520851
3703019
-7868295
6266819
4629673
-3294224
8282011
-3680248
-1487256
2688324
-2402613
-2660371
1244852
-1859603
-4458887
8746256
-8263229
4827227
-289872
-9280057
4950549
-7694582
6031493
3526212
-1955134
4228774
-5566174
3025087
-6105202
-3929776
4263905
-6034545
-6106726
-4285251
349668
5170950
665900
1750552
-4594439
-1097824
-8069025
6763965
1966104
3010974
5378575
-5276891
-7804354
4086754
1963830
-3170800
5180730
-2464935
1502662
8794595
3592507
8569660
6027800
3512388
5685550
4385617
-4659808
7156934
4004228
38374
-7999525
-8797204
8963135
4562093
9647022
-5007263
-2172243
5094611
5742892
-3829050
3836409
-176612
-6151239
4119007
3551061
-1140123
1728433
1036098
405592
3209272
-6255324
-3807442
-9886454
3787630
-5171391
-8964865
-4868424
-6536788
9964015
-103491
-939351
1940984
6169652
8571272
-5530861
-6844820
9535401
-5386403
5053659
2886427
267350
-8596447
-5220878
9108049
-7882362
-2981550
9650102
8949493
4769863
-4510661
9614147
-5690732
-6324538
4193153
-8846249
-760581
-8233026
-8645000
-3886588
-5144317
-949980
-8485199
7180043
332681
9800049
-3889911
5048756
1151416
6258012
-864699
-688717
398733
6708910
3518177
-6097004
2952900
-6014654
-8221389
6138174
9733699
1216693
-80493
3585604
-8256552
2960712
-494674
4937403
-4158544
5733078
-7136933
5582372
-1513249
-5225479
6759294
-2076900
-3594941
-9000156
7740614
5899708
-899128
9866057
-9066943
-9385257
7218754
-7121054
3491056
5220730
-6775216
-6920482
6560600
-9710461
-7066098
-4865972
-5806796
5035842
8931204
7714073
2852171
-2799615
7993584
-5179453
1371321
-1244512
-6586578
396676
9000577
3146353
-6539455
5826228
8529781
1181695
948786
9365403
-8693780
9253775
2227726
1944475
-542182
-7611760
9477603
4127687
-8842046
6496341
5694180
35946
-7712348
8592958
8714443
6459926
9070205
-5769130
-7513183
-2825944
9507992
-1162108
-5025030
-917889
-2756106
5146073
9766416
7864726
7524546
-9084087
-2382472
7746288
8164268
-4238211
4543522
-4296586
4810473
7048762
5735146
-2263754
-5757421
-3043089
-6515823
-7484807
-6995663
-1503733
8288613
8161914
-1118529
-8670000
-8140616
845562
-9221279
-6326621
-9858945
-8554649
887994
9067245
-3711867
9723439
-6626230
9505217
-884766
8647369
-5936448
-9638611
-7880203
-3679087
1017674
-3070895
2071875
2480791
-6601572
7716400
9389610
1194561
1414923
3273549
3384321
-3446302
8474753
8385336
8939668
4444528
-4559282
7749638
998122
5982318
227499
27226
-6489881
-8302264
-8167876
1690920
2387417
-5588654
-3383095
-2262310
-4755263
6631705
9588377
1589255
-8443877
2025550
-3819088
-8175125
-7227178
4450191
8350207
2978405
7944165
8087321
-663963
-5106017
4257839
9532529
3164818
-9387356
7628562
3529048
1692619
1398361
-4990537
-442155
-9409357
-258187
-1820221
-4330000
7594885
4809525
-4658531
-6846658
9618701
7190877
-2147804
-1959631
3943081
-7569517
-1813235
1165878
-954141
-1703110
-2550628
7747495
-6011029
1596401
-6049033
-7980622
-5070079
-9081898
9202857
-1636340
7204269
-2487704
-7400695
5808950
1333762
4380841
6924672
-2386612
2057840
-3447479
-1503896
6048709
-3345826
5393375
-1684562
-8423975
-2871980
-8495805
-1366058
-4273792
3947606
-1259999
-3816432
8904935
-3758011
2027617
-7654772
-9514772
5003586
-3643530
9928852
2044658
-9833211
-3564013
3687141
-3348734
-2694306
-3057917
-7290798
-3715013
978916
-5241584
8200208
2711153
3103360
562552
-7659923
3665793
-1211720
-6832737
-3915267
9759000
3003991
-8199115
8161394
-6587932
1656697
7149456
-3496947
-844172
-705750
-1147401
-6054289
8778646
9859483
-9819103
143712
-6680268
-1810644
2669588
-3664232
1871247
6404729
4476363
2954661
-6666397
3679178
8292105
-8469528
-546807
-654290
6403979
4152642
-7579816
-7696298
-2124701
3363414
9050170
5967890
-5950659
9467460
-1393720
-9553174
-6751471
8520725
6725035
-5501442
7107710
-4969293
8772220
9933833
3834373
-3473796
6617238
9140282
-4808451
-5286102
-8910044
2820099
-5194015
6805667
8631818
1300644
-8449679
1242011
1118857
-8915071
8622612
302208
-8770792
6344509
1336807
-2540297
3006731
3143321
1662556
5091164
8477786
2419756
7670181
-6067939
-6917225
-1244766
9791189
-9724438
-2403242
-8610069
633269
-1025273
1027478
4082299
1571246
-2428466
164956
5007895
-9256780
2049148
9303023
2207783
-5958530
-9011256
8335353
-7661391
-6035976
2580225
-8205342
2536633
-8256227
-538605
8459796
6930436
3362877
8898249
2252591
-1904151
6745208
8442045
3163543
7030368
-4801028
-2034608
-8710976
2546127
-9200913
5202295
585418
4340472
-4311220
-1968197
990974
-7010909
4104132
1312715
-234642
-3292396
-7357839
3604476
9643123
3459305
-5249364
-4796734
8388097
-1203516
5862275
4001598
1775970
1134586
-3011606
-6848114
5689022
8301223
8968187
3116829
-90233
1596825
-9379847
-8963747
-2574157
8078003
-2233317
-9221152
-2135905
-6748234
-6437104
-5684810
2875950
-1859575
9526696
-5546207
2668584
-190410
3383399
-6798539
-1280484
-8859842
3468788
4316119
-2770697
3962495
-270596
3240507
7615559
7460530
-4843528
-4105233
-9670324
-4193313
6018256
-5983432
9867175
-7715827
6202353
-2467707
643868
-265750
-8973542
6490413
-9605868
3910697
-805438
-9466700
2575786
-7211693
2941578
-5874153
-4123130
6282329
3244569
290618
-6796391
-4355512
-4047258
-7498110
3352511
8822225
-5989026
2232393
-5180729
-2371941
-4225589
8910087
8240280
4065124
9109364
6378506
8263686
7754895
-4622907
-9606943
-9473755
-7802480
2052802
1765925
-8762196
4653581
-1700655
191241
-1328485
6313391
-8732054
8426205
-6132032
-4719541
7738981
6760954
4239656
-9204049
6882915
7327392
-5138910
-1671655
-7701430
-8429039
571503
-1094181
-9342547
2442551
5953952
-8124094
5027533
-7067075
1740297
-4332916
6584054
-2514867
-1972752
-4403872
-7656249
7137999
-7801860
9964165
-1394900
2615498
9045089
4443948
623903
5441518
5152145
-9736046
2167590
-1754270
9418983
-7445156
-7116846
-2642036
-3441416
8364005
714212
-1175405
-781848
6766435
-5547327
-4793161
-9658552
-5309038
7629850
-3127498
2377134
-5746597
-3199427
9375772
4201041
-4732837
-787960
-3767380
1142742
8356102
-9812579
-4265634
-5368390
8765976
-9931894
9174821
-8980442
9304857
1837895
1563787
9736829
9250239
-877959
-5459913
2401646
-6235693
948947
-6382035
-2384443
-8645482
-11592
7761416
630499
-3612701
8910460
6913738
-742029
3521669
5202187
853023
8391502
-4125934
2628844
-9576462
8958973
-2951040
711711
-2990928
-6101960
4216457
6102024
2158
-4562052
2657296
3421402
2097034
5392966
6081358
-5460370
425428
-4323412
4692597
3956253
-8280811
1437792
6120535
-8651566
3024508
-5803912
-5466421
-6410332
9440610
-6193575
-8498116
-9246171
-601082
8651508
-8539648
9828291
-2561080
-1007152
9117572
-1625168
148199
1036020
1130703
6266082
2494303
9353997
7858423
-2092529
-1846644
-1045731
3367192
6640653
-3222395
-5973081
-621271
6135743
3067916
-8171246
6271733
-5773932
7934028
-8904589
2004495
-2076674
5423868
6616008
-2248411
-4902255
-1013979
-9561972
1117966
5619414
-6192813
9436387
8962750
7853485
-5873408
-5385182
3590581
-6912555
7148725
81861
9667239
3818598
-9323645
4292908
1624876
21312
7321809
3429084
6098661
-7165539
-1476173
-7059680
3157764
-8550789
-5276323
1757270
6975591
-6635008
-4596932
-5744540
-1117489
-4488337
-8213787
7452048
-7292542
3571860
4400457
1310392
4569316
8068656
807590
-824632
8480394
1756287
9717825
-6341807
8048681
5213076
-1848825
7852467
2707648
-5568784
4181376
3473929
-9027189
848313
3562297
8722465
9452924
7826881
-3698924
-1907509
4963721
7186075
8909137
-2550222
-8313848
-966018
-4755324
-9099170
-4591085
-304310
-9900783
1320655
1415545
9901450
-5905249
-9789343
-8817575
7160029
-4577082
9821865
5144907
-5988729
-2486301
-9397515
-2262187
6690208
-6592458
-8721005
4834838
-7586420
-6220758
-2870041
-9164276
5630878
-4651565
1225874
-4757919
32306
5825320
2450070
8819154
220201
1497983
-2429445
-4113405
-1265599
8901186
-9007978
7293700
-9119511
-3318009
2311878
-943394
-6852313
9483792
-7334578
7369745
8953713
-943400
-249267
7392507
-5966161
-7642533
8342073
6801736
6777233
-6494715
-4496210
-9919193
-3361315
-7344837
2582542
-8169958
6596195
-708821
-5614003
-5008353
2815811
-4634593
-6388052
-9184956
-9682739
9365642
1696659
8364465
-1229454
-1051702
3459322
3708765
1585158
5781056
-2224927
694972
-4593762
-5311123
9311921
-2692285
340878
-3417118
-2303672
-2228694
2426508
1967327
5228699
8926710
-9284479
-7642938
-8738728
-9108495
-8238203
5317257
5751745
-3974272
-3650582
5978048
-1686696
9604897
-273489
-7930253
-1395886
5407225
-855227
1725835
5860485
6524172
-8045130
8322603
-4779748
-2230935
-9636190
5121282
-5991679
-8005847
7133393
1813321
4979096
-8623560
6374263
4875684
882932
-6271797
2427444
3487640
3343953
-4954745
6716583
-1075046
8371916
8481610
687701
4877684
7759033
-568991
3742108
4253923
-8723341
-1553663
-4773743
-2389556
-4608990
-2836189
7780361
1523210
9040346
-9970765
-7947192
7003499
5510647
-4606276
-1544178
6034954
-8749138
-1119785
-2993831
-4343801
-3930942
4102436
-4949867
-8190987
2847613
-1270102
-7516915
-5597269
4593889
-1348951
6666272
-7618925
-6639637
9795122
2107574
-3530278
-232849
6070372
5673836
-9991605
9200422
-3088447
-9223057
8952019
-6905046
4591040
7331827
-2756835
6840109
-868719
-3522250
-6521843
-9801631
-6872569
4499769
-3450076
-1916793
7061665
3155036
-4117753
-682324
8408909
1955684
-6436171
-459834
1482863
135800
-1926447
9630953
7226716
-340318
-6169895
-4598347
-3638364
-3512353
-6092921
-9082308
-7073423
-5735130
4184287
826109
-6306451
4678591
-5245226
-9954087
-9711023
-4594328
399099
4118294
-8956438
4329121
-2147492
865708
-2870622
-2290360
-8623945
-5866765
-4502412
-3599873
-400111
-5024734
7900175
3526614
2878974
-4801496
-3910091
-6331542
1009521
308956
-4911939
-3059578
5914373
-731647
-6710916
-1599032
-9805741
-2942395
3910886
1313211
-8490135
-658663
2528969
-971907
-1847867
-6019344
9432804
9370900
-6500694
-3625469
-1129279
-9370516
-8399434
133064
4201598
-2787903
-3155696
-9898835
-6629306
-7136378
9034966
1973098
4983331
-1664881
-9422188
-3320054
7002746
-3522414
2952171
-8701005
5144795
2901059
4282729
6365107
-4362771
-6190947
1859556
9113447
-2856832
-4101971
3004637
-8631301
-3386384
8904293
4225747
-6903351
-1449391
-7760562
-6314491
2939304
-634389
3431011
981439
-7074224
2171987
-4815802
4791803
-3721175
5228974
8865412
6839269
4212107
-560037
-429960
7264610
4782628
2150864
6972650
9330061
1094565
-5992460
-7976296
-3699672
4497451
7139132
1452021
-9328200
9404814
7546250
7979443
-5176764
1624246
-4625116
-5166531
-7332776
-2846625
-5440817
-7787767
5967842
9315974
-7135798
-698312
-5084345
3023932
-8197696
2198086
-4701571
-5750930
-8310560
2010676
-535408
-8522737
2652404
3339372
-6526751
944038
-1339169
-8160993
752904
-203060
-9053880
7244640
6228211
9051101
2032880
-3268970
70887
7094265
-5283717
-9509515
7524544
6428455
-3011856
3327075
3787233
-9664809
9617972
8239405
8728309
-7165823
-8553343
-4425232
-863870
3744583
8044876
980340
7269340
7012527
-2329074
4698400
3827130
6585554
5021604
-4587244
4718166
-8532192
-4538262
1203609
9460680
2574471
-3142359
-949097
-7355276
2168215
9207130
-1071918
-4497398
5079757
-1308961
-8765688
290672
6489049
-5125371
-7723256
-1086761
-9567915
-9625062
-7164196
2055196
295298
-7023601
-8240892
-4651422
-134775
8736287
-1958919
1448602
9468589
-6877648
2656735
-435747
-804586
-393078
-4888429
6604547
-6592611
8370652
-7838095
9602536
560940
8378185
-2808146
1876876
8970639
8519082
7381106
2618013
3707457
-2673049
4778654
-9973622
-2222861
-8283834
-1047753
6405141
2392870
-1358819
-5803874
-6545542
-4341097
-9783427
-2163666
-1757900
-9433616
-8065169
5916290
9408637
-90067
4591656
9973990
-5586768
3165171
-6971268
-8607102
-1675828
2510070
7951285
-5183531
4486950
9091689
9282634
1798832
5731227
-258694
-5378817
-9187017
-1618423
4057158
-5091542
9516059
8460323
9475993
6415315
9299971
-1515973
3950164
-1355048
-1161937
-6308406
-272149
8003286
2844337
-9543752
2913022
-6912440
6526078
-3483432
-1273756
-7042934
5085104
4678876
934858
4250510
-8572086
369775
9546059
7640061
-9334933
9542367
-7865384
-4477543
1258242
2476794
-1932941
-7378381
3236076
-8016877
-4754087
-3733038
2333079
2544119
3065759
-9472504
7715999
-5179844
6167517
6174655
8276979
-8107917
1911148
-5448745
4670800
-1276325
8652263
6978749
3320826
-8471733
669399
8679995
-5079811
-9037064
2518274
-370145
-934962
-3862096
-9071925
-9739994
2986089
8282157
-4535908
218867
8563210
6657272
922691
7556146
6727968
-3161759
-596801
4616749
1531935
-6227225
-9140467
4707685
-6453995
-8712887
7598821
-3161208
2039443
2797156
1303902
-1998469
4019462
3649504
8910174
-8823717
8331306
-8905543
9908334
-7178124
2642803
8673204
-3299405
9913831
4928143
2130702
5064465
8897971
-657614
3485172
6656135
-4102509
-6405602
-6289118
8160678
-4033642
-1827738
-2864618
1489431
-6415431
3587066
4664573
-2947115
9187267
725822
-514714
6636782
1327693
117111
-6943696
-5357126
-5354210
-565962
5759878
3710935
-2560752
-3669280
-1010468
8671597
5629465
-8469953
7507338
8263405
-3252883
9373765
-4806650
1852165
9761521
-6410891
430392
8672846
8880066
379391
-4704608
-9634820
8716512
7604105
8211512
1245970
2361335
7435537
918613
-4947083
-7205633
4293027
7020605
-4930534
-9227250
7076199
-9556194
2807118
-276450
-5928404
9091200
-6961546
3764289
9790383
3472206
9442734
-3532964
6479357
8049064
-849156
9895186
6891821
9298891
4341678
3849058
6320265
2601055
975305
-1294724
3918562
8615540
9610084
6943550
4398503
7464591
8909360
-9481898
5013295
-6697112
-1764087
-7750957
-8539635
-947716
-9999085
827061
4765436
-3266789
-8565018
-1296234
7296760
6486807
7839414
2450529
8833869
5459226
5212351
-5994227
6029138
75505
-1477208
1501844
-9467004
27973
9898044
1847431
1702245
-8909544
-6221319
-8299648
2061658
-764791
3042214
9010995
4301862
2377509
-8141535
5833657
7039577
3428560
2065215
2066166
-9698354
7118621
205235
-5514788
-3741478
5295148
9444200
5413858
-6531988
-4955288
6061522
-2204862
-6486649
6737295
-5951817
8970024
-102780
-5397010
2313057
9058596
327159
-5474997
9318137
9174931
-4169647
8858915
-9883073
6583536
4872275
-1971873
8833161
-2339538
-6478065
8074813
-3916834
-641487
-2846648
-5230786
6270213
-2749331
914556
-1268506
-5687030
1987831
9514358
-2686572
-8955362
-9640631
5979818
-6475436
4031942
3819849
7907538
-1591030
9062371
1653555
6686326
4398238
-2058024
-9055568
-5603682
2060954
-6222539
-6700577
9073616
3933141
-530751
-5977304
6868468
-8617623
-1652328
-2306791
-9338901
371191
-2720146
8202089
-1113634
4778979
7960457
1927005
-2355952
-1029183
-40882
-6761996
-1101696
4677081
2534827
-5070657
-8429059
3523975
-6656128
-1371279
-7518739
-275520
4089130
-920449
4642674
7613112
-4820923
3449197
-1212238
-4424036
2131939
-8492640
-1856551
-2181125
2172654
2741940
-3844619
5301758
624899
6764286
-5533709
-3284668
1748292
-212328
-669433
-934231
6902099
6086208
-253949
-9909514
-7595820
8067013
-4264357
-6175229
9671255
430985
264363
9706203
-1460239
-8693470
3162741
606661
7532609
-7445035
1042093
8281431
2868943
9636831
4393606
-457018
9717230
4032855
-994194
-1255243
-7762285
4476510
-7162939
-2194764
6349404
-2280103
8231377
9431596
-6124606
3210517
2515474
6875392
2507531
-5909619
-4127544
4432721
-9069039
359662
-4500031
-3422392
-6672819
-6274212
830156
2035714
-9653425
-3694152
-8023149
-6277936
2180449
-7418634
2280039
3687763
-9676021
-5816936
-5266792
548516
2613903
3541373
596540
3096002
6375670
-7863743
-2003135
4544122
-1087995
-4367717
-3051654
8971810
-9248406
-315241
-6754555
-4456835
1630193
-9745544
8658593
5903853
-4678956
9984917
-1605014
3555122
2572680
6225387
7090688
9080138
-7488056
9821578
7649007
-8619464
-8420567
5995054
-8239964
1199963
7693127
1666739
-3828608
2737159
-4442672
-5150130
-8021487
1893356
5323202
-8882459
1509138
-2035898
5979783
-4962353
-5453945
-145852
1728996
539657
7276148
-3654117
-9143600
-5777697
-4538613
-8155057
15613
189538
8610024
2801675
640269
-6360379
6515165
2997666
3835291
-5711724
-4415283
3913738
6973769
964877
3356662
-3392060
8280763
-5854362
4722499
-2877310
-821508
4946454
-1683224
-8099102
192351
-1078880
9576292
9198172
-8384247
4005900
-924182
8926057
1274850
8615699
-8323598
336542
2512719
8940875
-9786754
9419126
5440863
9519178
-1643231
8678583
5996131
5368966
9497127
-743086
1785292
-5913136
1081946
3932757
9075522
-231250
-434084
5738556
-6188169
-9080916
4058133
1552800
1738834
-3218470
-5204487
1071826
-2267158
-1713363
8527012
-8971324
-6989123
1656242
8886154
9324780
-3953744
-9030603
5887283
-8083487
-6586137
5355679
-754960
9060723
7254811
4870316
-3808666
-3557688
2182126
8718061
-9467149
-976528
-9108640
1071254
-2181809
-5492391
606947
-97045
-3342556
-8347982
3970403
-7114894
4899634
-2072171
-393117
-7212000
-83385
2319268
-6142970
5592254
-1111506
7424445
4243183
-264081
180250
-4567947
-2271973
-4773661
-2660782
-9781314
1226057
6834685
-9072145
9303411
-4211749
3358019
3383410
6983114
2577953
9141166
9526304
6373321
8107893
8737142
-9959797
-1991060
-3512301
-3520574
467081
-5901845
-2085077
-9294096
9447200
487038
1425430
-8893855
-5584800
-6466114
-3835616
-4282843
-6930740
5114062
-445081
307936
-6242930
-1918336
-8366358
7722681
-7943807
-1835437
-1238272
3509617
4625826
8696924
-601637
4284435
-3736805
2374692
3353858
-5977371
8204703
3789577
-1434044
232977
-4090324
-3424854
-9075520
1386607
-5960006
-4950601
-9452314
-3197096
-7677918
1132576
2647356
-2129273
5708540
6669729
-5054520
8410714
-7301863
4981257
-8612943
-4317272
3507402
-7875290
4898030
-3070447
-5447347
-7787526
-3911171
3289980
8746753
6119074
-47473
-9846751
-4423229
9906169
-6759142
3790701
-5000324
3993638
-9599410
227682
-2902660
-1394332
6082884
-9069107
5384662
9883228
2076195
5770017
-9248696
2867705
-7405415
-1408695
8070301
3132686
7541309
3046873
4638204
989537
-6757325
5324450
-4414573
9657424
-7858297
8285809
8180048
-2846562
-6573407
9489052
9114288
9709480
9959041
-4230720
3461237
-5874166
-1807332
6031801
-1195141
530514
-8458602
9121017
-8451296
4322707
-231010
8528973
4273461
1539091
5149465
-9688570
6447719
-9646124
-7950864
-8038794
2890142
8623355
-1897383
-9582485
-4663524
6427912
-9518908
4682921
-8492265
4589548
9931699
6967844
-4023778
-3455928
-1912727
-8147869
7597295
-3986303
-521849
3261160
-2913536
6579874
-5206157
5242007
-5393850
-6068865
-3368595
-8917899
-4985498
4505723
8983321
3129890
-9216244
-6255609
9538072
5680171
-4489222
-5515269
7798164
-8866279
3077149
4176531
102619
6165038
5099695
7526611
-3221090
-3428193
9448022
-6765695
-9908709
9944886
5337071
-2418812
178399
2645076
-7483747
9851817
6778029
653497
-7268150
-5983197
249526
-9548595
-5218763
-5290266
5733587
407963
-6688226
4128843
7526533
8108911
868696
7726913
4071260
-8817046
2360296
-972373
2289074
9168527
-1345668
3761442
-727940
-1165554
9022933
-2019898
-7498432
-6370036
7014309
865114
-872719
-8871274
7747387
-2510821
-9399166
-9835584
-9148007
-205755
-4048501
-419855
3198536
2330715
-4502779
-3557471
7367952
-5932109
-4106715
-852436
5330494
-3585572
257412
-1179928
1888438
2747283
3614908
3419656
2012450
5749714
-280961
5175347
-5766473
1321023
-8777533
-5418293
8833262
87304
-7704675
2094556
9749161
-9472255
-3961990
-9701801
1032794
-3528641
4135630
2882896
-7694901
-7205568
-2524237
7120323
-5706448
9259286
598063
-6520615
-161652
3984787
4727859
7985438
6195230
-6721879
6435992
3414834
6568927
2358621
-7179271
7902069
-5969161
513313
8673248
-658146
-6206979
5978053
-6027779
6816537
-5207484
7677400
-2743273
-3884238
-3602811
-2552976
3785040
3976170
106301
6861101
-4440726
-515847
8193567
2610061
-9792559
6335454
5014967
-2317190
-2722846
-9188316
5989781
-1799560
9521666
4905149
-3589920
-9574717
1151056
-9822203
1235969
-872849
-3707602
-2009536
-9923611
4813982
-9487190
-4521559
-7657860
237938
4291391
-7207077
-7906447
7622172
-2543205
4846543
9995033
2300418
1067433
-4181522
5584894
2833308
-2968517
9226465
8375953
2692479
-108763
1667700
2364165
7896191
-9703866
-4169103
-3705071
-2671326
6341165
2856100
-51890
2201742
8196914
-6396021
-3508227
3202583
-2802208
-5913477
-910151
-6408910
-2888237
-5115878
4438990
-4679630
2064992
8685261
-3896579
-8192681
-3418544
-6025313
-9689510
-2822034
-5863554
3746846
-3222121
1506186
9423713
3178129
2613994
6957996
6041705
6634263
-7831471
-3435006
-3046
-8608847
3079643
-7320060
2200823
-8135247
-566491
-8570576
2173800
6472468
-4277083
3342739
9100399
-4503094
-8332347
-5023186
8870131
-552138
-7343854
-2363204
-2404467
-4021458
9929847
-3581614
-5573106
-4801644
-7139463
-5377548
-4744235
347026
-1541440
-2396693
2737828
-5800560
-1507161
5393565
-3569722
9264841
7141766
3180604
-7639618
5872780
-5005366
-6273830
-725236
-532868
-4584800
3975656
-957405
6422584
-4646562
4970536
-7410710
2266103
4838329
-1510172
-3731536
6319516
2805302
4260684
-4045111
2855387
9764556
8253404
9130794
5960976
-377277
-7580404
-82214
-651115
-5123585
-1608895
-7154054
9098042
-5356945
2730485
1837735
-3300624
3486095
6874360
5089381
1865365
-5561635
3390973
-9612560
-7632096
16317
-8476021
260751
8464677
601403
-979032
-8172137
-8188406
-915719
8882239
9455347
9139938
9835457
4019762
-8074435
-7699679
-2111019
-1642106
1033914
5294508
-5030050
-8179727
-7509236
4251562
-2270859
8588798
-5420410
7292523
-3003251
5295264
-6709671
1987655
-3965989
-1323600
7861199
-8310331
5463126
5251060
-3097021
-9142836
-9578917
607977
-7394322
-9216870
-3199171
4392443
-7884585
3459231
-5937901
2939800
-1496529
4311743
-4301265
-9144312
-7797792
-3935672
-7932211
4733718
5106408
-290322
7590191
-1512545
-8964986
3279190
-3317952
-7759688
-2679609
-5089129
-288254
-3367193
5541859
-8842754
2079904
-7673343
9931769
1250091
4912085
-4734953
-1097027
3641308
5426325
3988705
-3650527
3758771
-1121170
4944413
-8826914
-4372492
7141916
7104104
-8652085
-9341336
9274805
6367310
84783
-5467066
-3513165
8853634
3883804
3905156
-9562161
-7664556
-2492517
122389
5896378
-1429311
-4901041
9607576
-7142986
-4607210
1689182
-2073547
-8400990
3129477
-5869135
4584996
5876709
-8875676
-721735
3576489
-3236065
3167770
-3952055
-678575
165963
484817
-1218381
5042566
-267919
-821131
3095083
-4895574
-657426
1540197
7538552
3365019
-9750065
9477933
3158325
-9325908
2558323
-9518100
-3980765
-9199533
483330
6285418
-4345519
6953758
4281635
-408285
3438344
4115459
1568202
-4408347
7704221
-7202807
218487
4993823
828590
7367985
-5758666
2035607
5550294
-3621760
2499954
9376562
-8060924
-5122819
309017
6604041
4849432
-1331248
-9358949
-7355251
-8291770
9790622
9979935
855473
6191573
-6556130
-3268737
-3868496
6986648
-7125614
8480260
-3482414
-4503738
3652979
-9011502
8937447
-7670604
-2216653
-1182765
589029
-6303691
-9490203
-3964475
3379800
4205026
1263889
-8568590
-201435
2194965
3193269
3033300
-6857544
9014524
-1556073
5489423
-8352267
7572399
-3062138
9483936
-3861445
-4766392
-1199989
-9559137
-3521710
-8284113
-7610909
-8906284
-4354069
-7756442
872904
8398531
-8704937
-6994294
-4200580
5191282
477291
-2794306
7241821
2265694
7522271
-2369497
4464921
7019417
1609957
-3708432
6093515
-8020375
1182332
4275723
3010920
7263971
-3860999
6377641
-5394940
-1965445
3790075
-9665833
-6532692
1644149
3197692
7765425
3855187
-6913605
3520199
-1227179
-3423231
6288012
-2545212
-98472
6196345
-6779751
-8919250
-7836079
5896257
380441
-4098637
-2999358
-1026133
3316175
-9768584
-8978987
1390033
-3355267
-4440916
6536229
-6556991
9413035
-2850672
9732350
5543828
7211365
1600965
8875909
-1328027
7885902
2136891
8343017
6203891
-3116616
1006566
-2079416
-7065778
-6884665
2745995
-9720441
2175654
4845175
8628287
-9675115
2008335
3526099
6804258
2518178
9518712
-1982029
-4147617
-6563063
968550
-8557437
8630086
7709127
-2766181
-9700032
9476190
4601816
4336176
-8887223
7091547
-4346243
5098314
-9709729
4902109
8817345
3179167
-9565871
-2618594
-3731276
-1636368
-6264306
-2393114
9823169
7557258
-3268771
-7651828
2502361
-5531497
8802933
2877287
-4291180
-8292174
9265824
7269067
-2940618
8464820
-6519407
-7395854
3728779
-5256809
7383827
-3832907
5952305
-6823543
687066
-9875518
5931386
2884915
-6260093
8595500
5200202
3136665
9382812
1767864
7620941
3391643
7016445
-6011245
2991153
-5041679
5432790
721583
-8985335
-8506155
-7685463
-5586438
-344482
2580020
8009144
871598
243249
5356642
-8271844
-5430080
-3876548
-2994689
-9375210
-4344963
707655
-2602481
-2424263
8263796
-3844709
5206782
8079499
-1370839
1827903
-2657255
-8720433
7833106
-9714377
9980054
8085082
6276646
-6317413
-402075
-1378822
-8912690
-2175476
-1754388
3008658
5886275
8374039
-6520719
-6691052
-7154858
288999
-5786257
1266668
8936200
7111856
-6822119
-6792842
-2030601
-5376201
4862359
-3691307
6869591
-2293256
-1818852
-2339209
4143750
8537509
-3450231
3264031
-5559158
1101787
739599
47716
-9886409
2207301
3544584
-749331
-4528863
8629266
-9825896
9040119
380169
3334376
-3625147
9956662
4820924
-6899421
-7485884
-315611
6463057
-4451823
3710719
6293788
-9904096
8507195
7894796
8317187
-6039638
-1122681
2511965
-4432609
4169638
-5621995
-7185216
-6633574
8573657
7089364
-9318590
2067637
6690671
-860019
3404035
9560733
3106791
-9532612
-4889153
626917
-8290221
-1093578
2351257
-6385341
-4446828
-9845235
-2031884
3849408
-5683472
8017346
3942403
-3570728
3151823
5053797
5086665
-6062739
-7565388
8203315
9520657
-8815816
-3240197
6114954
351838
-9213177
3003051
7509923
-8747863
-9056795
-3538203
2582990
-2144256
6691971
9209940
49317
-3046645
1427764
5147884
-1065286
-9110188
7512125
2346715
-3412039
2605325
6285987
-6354088
-2405481
2180948
-7511231
5382368
4358213
1378365
-6294650
6658076
-5312549
-3402494
7483396